date,open,high,close,low,volume,price_change,p_change,ma5,ma10,ma20,v_ma5,v_ma10,v_ma20,turnover
2017/11/17,6.4,6.59,6.18,6.17,18859630,-0.24,-3.74,6.272,6.389,6.108,17525817.6,17928997.6,17007900.23,5.57
2017/11/16,6.18,6.45,6.42,6.02,19959584,0.2,3.21,6.336,6.372,6.052,16692276.8,17807273,16476850.05,5.89
2017/11/15,6.17,6.33,6.22,6.12,12746063,0.09,1.47,6.356,6.312,5.982,16090747.6,18017362.4,16135101.1,3.76
2017/11/14,6.35,6.43,6.13,6.1,20317426,-0.28,-4.37,6.4,6.309,5.936,17323165.4,17904717.7,16076241.15,6
2017/11/13,6.5,6.64,6.41,6.36,15746385,-0.09,-1.39,6.48,6.318,5.887,17309816.2,17301338.6,15566732.15,4.65
2017/11/10,6.5,6.62,6.5,6.43,14691926,-0.02,-0.31,6.506,6.292,5.822,18332177.6,18262964.3,15678984.5,4.34
2017/11/9,6.41,6.53,6.52,6.24,16951938,0.08,1.24,6.408,6.234,5.752,18922269.2,18647596.3,15681134.7,5.01
2017/11/8,6.47,6.77,6.44,6.42,18908152,-0.09,-1.38,6.268,6.158,5.664,19943977.2,18329701.2,15382064.9,5.58
2017/11/7,6.5,6.59,6.53,6.28,20250680,-0.01,-0.15,6.218,6.086,5.579,18486270,18242827.6,14854944.43,5.98
2017/11/6,6,6.55,6.54,5.97,20858192,0.53,8.82,6.156,5.955,5.493,17292861,17023504.35,14356153.43,6.16
2017/11/3,5.84,6.07,6.01,5.81,17642384,0.19,3.27,6.078,5.826,5.405,18193751,16086802.85,14157654.33,5.21
2017/11/2,6.12,6.13,5.82,5.77,22060478,-0.37,-5.98,6.06,5.731,5.325,18372923.4,15146427.1,14186402.93,6.52
2017/11/1,6.22,6.25,6.19,6.12,11619616,-0.03,-0.48,6.048,5.652,5.258,16715425.2,14252839.8,13807464.58,3.43
2017/10/31,6.12,6.27,6.22,6.01,14283635,0.07,1.14,5.954,5.562,5.159,17999385.2,14247764.6,13791289.53,4.22
2017/10/30,6.03,6.36,6.15,5.92,25362642,0.23,3.88,5.754,5.455,5.056,16754147.7,13832125.7,13700192.08,7.49
2017/10/27,5.8,6,5.92,5.71,18538246,0.16,2.78,5.574,5.351,4.948,13979854.7,13095004.7,12664305.45,5.47
2017/10/26,5.66,5.78,5.76,5.6,13772987,0.04,0.7,5.402,5.269,4.852,11919930.8,12714673.1,11914746.7,4.07
2017/10/25,5.23,5.72,5.72,5.17,18039416,0.5,9.58,5.256,5.17,4.762,11790254.4,12434428.6,11363594.43,5.33
2017/10/24,5.23,5.33,5.22,5.16,8057447.5,-0.03,-0.57,5.17,5.071,4.676,10496144,11467061.25,10679660.05,2.38
2017/10/23,5.11,5.28,5.25,5.03,11491177,0.19,3.75,5.156,5.03,4.616,10910103.7,11688802.5,10537620.55,3.39
2017/10/20,5,5.14,5.06,4.99,8238626.5,0.03,0.6,5.128,4.984,4.554,12210154.7,12228505.8,10354539.68,2.43
2017/10/19,5.38,5.39,5.03,5.01,13124605,-0.26,-4.92,5.136,4.918,4.493,13509415.4,13226378.75,10040299.32,3.88
2017/10/18,5.15,5.33,5.29,5.11,11568864,0.14,2.72,5.084,4.864,4.433,13078602.8,13362089.35,9556324.39,3.42
2017/10/17,5.09,5.24,5.15,5.05,10127246,0.04,0.78,4.972,4.755,4.364,12437978.5,13334814.45,9090731.2,2.99
2017/10/16,5.13,5.39,5.11,5.07,17991432,0.01,0.2,4.904,4.657,4.303,12467501.3,13568258.45,8757294.61,5.31
2017/10/13,4.83,5.13,5.1,4.77,14734930,0.33,6.92,4.84,4.545,4.246,12246856.9,12233606.2,7972085.81,4.35
2017/10/12,4.71,4.93,4.77,4.63,10970542,0.04,0.85,4.7,4.435,4.189,12943342.1,11114820.3,7341817.83,3.24
2017/10/11,4.79,4.85,4.73,4.66,8365742.5,-0.08,-1.66,4.644,4.354,4.149,13645575.9,10292760.25,6944603.8,2.47
2017/10/10,4.79,4.82,4.81,4.67,10274860,0.02,0.42,4.538,4.281,4.113,14231650.4,9892258.85,6714672.05,3.03
2017/10/9,4.49,4.83,4.79,4.45,16888210,0.39,8.86,4.41,4.201,4.073,14669015.6,9386438.6,6596334.73,4.99
2017/9/29,4.5,4.65,4.4,4.29,18217356,-0.09,-2,4.25,4.123,4.028,12220355.5,8480573.55,5948022.23,5.38
2017/9/28,4.2,4.57,4.49,4.19,14481711,0.29,6.91,4.17,4.067,4,9286298.5,6854219.9,5168856.84,4.28
2017/9/27,4.15,4.3,4.2,4.12,11296115,0.03,0.72,4.064,4.002,3.967,6939944.6,5750559.43,4524589.09,3.34
2017/9/26,3.98,4.23,4.17,3.98,12461686,0.18,4.51,4.024,3.973,3.95,5552867.3,4846647.95,4099737.99,3.68
2017/9/25,4.02,4.05,3.99,3.98,4644909.5,-0.01,-0.25,3.992,3.948,3.933,4103861.6,3946330.78,3681707.92,1.37
2017/9/22,3.96,4.03,4,3.94,3547071,0.04,1.01,3.996,3.946,3.929,4740791.6,3710565.43,3612959.47,1.05
2017/9/21,4,4.02,3.96,3.95,2749941.5,-0.04,-1,3.964,3.943,3.924,4422141.3,3568815.35,3561937.23,0.81
2017/9/20,4.02,4.02,4,3.98,4360728.5,-0.01,-0.25,3.94,3.943,3.92,4561174.25,3596447.35,3512826.33,1.29
2017/9/19,4,4.04,4.01,3.97,5216657.5,0,0,3.922,3.944,3.914,4140428.6,3537085.25,3433969.66,1.54
2017/9/18,3.85,4.01,4.01,3.84,7829559.5,0.17,4.43,3.904,3.944,3.907,3788799.95,3806230.85,3262479.96,2.31
2017/9/15,3.84,3.86,3.84,3.83,1953819.5,0,0,3.896,3.933,3.9,2680339.25,3415470.9,3028910.21,0.58
2017/9/14,3.91,3.92,3.84,3.83,3445106.25,-0.07,-1.79,3.922,3.933,3.899,2715489.4,3483493.78,3001880.4,1.02
2017/9/13,3.92,3.94,3.91,3.89,2257000.25,-0.01,-0.26,3.946,3.932,3.898,2631720.45,3298618.76,2966963.99,0.67
2017/9/12,3.98,3.99,3.92,3.9,3458514.25,-0.05,-1.26,3.966,3.926,3.895,2933741.9,3352828.04,3015076.1,1.02
2017/9/11,3.97,3.99,3.97,3.95,2287256,0,0,3.984,3.917,3.889,3823661.75,3417085.06,2965596.98,0.68
2017/9/8,3.96,4,3.97,3.95,2129570.25,0.01,0.25,3.97,3.912,3.881,4150602.55,3515353.51,3063857.2,0.63
2017/9/7,4.02,4.02,3.96,3.95,3026261.5,-0.05,-1.25,3.944,3.905,3.868,4251498.15,3555059.11,3159984.16,0.89
2017/9/6,4,4.04,4.01,3.98,3767107.5,0,0,3.918,3.896,3.854,3965517.07,3429205.31,3229936.24,1.11
2017/9/5,3.91,4.03,4.01,3.9,7908113.5,0.11,2.82,3.886,3.884,3.843,3771914.17,3330854.06,3277007.41,2.34
2017/9/4,3.83,3.92,3.9,3.82,3921960,0.06,1.56,3.85,3.869,3.834,3010508.37,2718729.06,3080467.3,1.16
2017/9/1,3.83,3.87,3.84,3.82,2634048.25,0.01,0.26,3.854,3.866,3.833,2880104.47,2642349.51,2995536.94,0.78
2017/8/31,3.85,3.86,3.83,3.82,1596356.12,-0.02,-0.52,3.866,3.864,3.834,2858620.07,2520267.03,3047112.99,0.47
2017/8/30,3.83,3.87,3.85,3.82,2799093,0.02,0.52,3.874,3.864,3.838,2892893.55,2635309.21,3116836.63,0.83
2017/8/29,3.91,3.91,3.83,3.82,4101084.5,-0.09,-2.3,3.882,3.864,3.841,2889793.95,2677324.16,3076969.48,1.21
2017/8/28,3.89,3.93,3.92,3.88,3269940.5,0.02,0.51,3.888,3.861,3.846,2426949.75,2514108.89,3004585.53,0.97
2017/8/25,3.86,3.92,3.9,3.85,2526626.25,0.03,0.78,3.878,3.85,3.848,2404594.55,2612360.89,3012203.6,0.75
2017/8/24,3.88,3.89,3.87,3.84,1767723.5,-0.02,-0.51,3.862,3.83,3.848,2181913.98,2764909.21,3003683.08,0.52
2017/8/23,3.86,3.92,3.89,3.85,2783595,0.03,0.78,3.854,3.812,3.851,2377724.88,3030667.16,3038619.36,0.82
2017/8/22,3.88,3.9,3.86,3.84,1786863.5,-0.01,-0.26,3.846,3.802,3.853,2464854.38,3223160.76,3109643.21,0.53
2017/8/21,3.81,3.9,3.87,3.81,3158164.5,0.05,1.31,3.834,3.798,3.858,2601268.03,3442205.54,3212992.88,0.93
2017/8/18,3.81,3.84,3.82,3.79,1413223.38,-0.01,-0.26,3.822,3.8,3.866,2820127.23,3348724.36,3301881.7,0.42
2017/8/17,3.85,3.86,3.83,3.8,2746778,-0.02,-0.52,3.798,3.804,3.873,3347904.45,3573958.95,3385892.54,0.81
2017/8/16,3.81,3.87,3.85,3.78,3219242.5,0.05,1.32,3.77,3.811,3.883,3683609.45,3598364.05,3405162.97,0.95
2017/8/15,3.8,3.82,3.8,3.77,2468931.75,-0.01,-0.26,3.758,3.818,3.892,3981467.15,3476614.79,3483625.67,0.73
2017/8/14,3.7,3.82,3.81,3.69,4252460.5,0.11,2.97,3.762,3.831,3.9,4283143.05,3495062.16,3520429.26,1.25
2017/8/11,3.68,3.73,3.7,3.67,4052109.5,0.01,0.27,3.778,3.845,3.904,3877321.5,3412046.31,3594561.41,1.19
2017/8/10,3.78,3.8,3.69,3.67,4425303,-0.1,-2.64,3.81,3.866,3.92,3800013.45,3242456.94,3638622.83,1.3
2017/8/9,3.81,3.81,3.79,3.72,4708531,-0.03,-0.79,3.852,3.89,3.933,3513118.65,3046571.56,3556612.56,1.39
2017/8/8,3.88,3.89,3.82,3.8,3977311.25,-0.07,-1.8,3.878,3.903,3.94,2971762.43,2996125.66,3711994.68,1.17
2017/8/7,3.85,3.9,3.89,3.84,2223352.75,0.03,0.78,3.9,3.917,3.95,2706981.28,2983780.21,3677494.54,0.65
2017/8/4,3.89,3.91,3.86,3.85,3665569.25,-0.04,-1.03,3.912,3.931,3.957,2946771.13,3255039.04,3918184.63,1.08
2017/8/3,3.92,3.94,3.9,3.88,2990829,-0.02,-0.51,3.922,3.942,3.971,2684900.43,3197826.14,3943767.31,0.88
2017/8/2,3.92,3.95,3.92,3.91,2001749.88,-0.01,-0.25,3.928,3.955,3.983,2580024.48,3211961.89,4034018.46,0.59
2017/8/1,3.94,3.96,3.93,3.91,2653405.5,-0.02,-0.51,3.928,3.966,3.995,3020488.9,3490636.55,4080005.3,0.78
2017/7/31,3.9,3.98,3.95,3.89,3422302,0.04,1.02,3.934,3.968,4.006,3260579.15,3545796.35,4185269,1.01
2017/7/28,3.92,3.93,3.91,3.89,2356215.75,-0.02,-0.51,3.95,3.963,4.014,3563306.95,3777076.5,4247248.58,0.69
2017/7/27,3.91,3.95,3.93,3.89,2466449.25,0.01,0.26,3.962,3.973,4.027,3710751.85,4034788.73,4507893.49,0.73
2017/7/26,3.94,3.96,3.92,3.89,4204072,-0.04,-1.01,3.982,3.975,4.042,3843899.3,4066653.55,4757292.72,1.24
2017/7/25,4.01,4.03,3.96,3.93,3853856.75,-0.07,-1.74,4.004,3.977,4.053,3960784.2,4427863.7,4774957.05,1.14
2017/7/24,3.96,4.04,4.03,3.91,4935941,0.06,1.51,4.002,3.983,4.062,3831013.55,4371208.88,4936240.21,1.45
2017/7/21,4.02,4.03,3.97,3.96,3093440.25,-0.06,-1.49,3.976,3.982,4.069,3990846.05,4581330.22,5216412.36,0.91
2017/7/20,4.03,4.05,4.03,4,3132186.5,0,0,3.984,3.999,4.072,4358825.6,4689708.47,5277489.95,0.92
2017/7/19,3.94,4.04,4.03,3.93,4788496.5,0.08,2.02,3.968,4.01,4.07,4289407.8,4856075.03,5386780.63,1.41
2017/7/18,3.89,3.97,3.95,3.88,3205003.5,0.05,1.28,3.95,4.023,4.072,4894943.2,4669374.05,5348040.5,0.94
2017/7/17,4.01,4.02,3.9,3.81,5735103.5,-0.11,-2.74,3.964,4.043,4.078,4911404.2,4824741.65,5524962.7,1.69
2017/7/14,3.96,4.04,4.01,3.94,4933338,0.09,2.3,3.988,4.065,4.082,5171814.4,4717420.65,5466742,1.45
2017/7/13,3.94,3.96,3.95,3.91,2785097.5,0.01,0.25,4.014,4.08,4.08,5020591.35,4980998.25,5544729.83,0.82
2017/7/12,4.02,4.03,3.94,3.89,7816173.5,-0.08,-1.99,4.052,4.108,4.078,5422742.25,5447931.9,5562517.06,2.3
2017/7/11,4,4.05,4.02,4,3287308.5,0,0,4.096,4.128,4.076,4443804.9,5122050.4,5463066.59,0.97
2017/7/10,4.13,4.14,4.02,4,7037154.5,-0.12,-2.9,4.122,4.141,4.075,4738079.1,5501271.55,5515990.96,2.07
2017/7/7,4.13,4.17,4.14,4.11,4177222.75,0,0,4.142,4.155,4.074,4263026.9,5851494.5,5381022.26,1.23
2017/7/6,4.15,4.16,4.14,4.09,4795852,-0.02,-0.48,4.146,4.144,4.069,4941405.15,5865271.43,5365426.2,1.41
2017/7/5,4.14,4.16,4.16,4.1,2921486.75,0.01,0.24,4.164,4.129,4.063,5473121.55,5917486.23,5464550.65,0.86
2017/7/4,4.11,4.16,4.15,4.06,4758679.5,0.03,0.73,4.16,4.121,4.051,5800295.9,6026706.95,5575001.09,1.4
2017/7/3,4.16,4.18,4.12,4.08,4661893.5,-0.04,-0.96,4.16,4.112,4.036,6264464,6225183.75,5467864.08,1.37
2017/6/30,4.23,4.26,4.16,4.16,7569114,-0.07,-1.66,4.168,4.098,4.024,7439962.1,6216063.35,5351255.93,2.23
2017/6/29,4.16,4.23,4.23,4.13,7454434,0.09,2.17,4.142,4.08,4.011,6789137.7,6108461.4,5104371.65,2.2
2017/6/28,4.15,4.2,4.14,4.12,4557358.5,-0.01,-0.24,4.094,4.047,3.992,6361850.9,5677102.23,4928510.51,1.34
2017/6/27,4.17,4.23,4.15,4.12,7079520,-0.01,-0.24,4.082,4.023,3.978,6253118,5804082.78,5077631.99,2.09
2017/6/26,4.03,4.22,4.16,4.02,10539384,0.13,3.23,4.064,4.008,3.972,6185903.5,5530710.38,4723659.04,3.1
2017/6/23,3.98,4.05,4.03,3.97,4314992,0.04,1,4.028,3.992,3.965,4992164.6,4910550.03,4368613.21,1.27
2017/6/22,4.08,4.1,3.99,3.98,5318000,-0.09,-2.21,4.018,3.994,3.966,5427785.1,4865580.97,4346162.86,1.57
2017/6/21,4.08,4.08,4.08,4.02,4013694,0.02,0.49,4,3.997,3.97,4992353.55,5011615.08,4323670.66,1.18
2017/6/20,3.98,4.08,4.06,3.96,6743447.5,0.08,2.01,3.964,3.98,3.965,5355047.55,5123295.22,4512813.96,1.99
2017/6/19,3.99,4.03,3.98,3.95,4570689.5,0,0,3.952,3.959,3.968,4875517.25,4710544.4,4439737.49,1.35
2017/6/16,3.89,3.98,3.98,3.88,6493094.5,0.08,2.05,3.956,3.95,3.977,4828935.45,4486448.5,4399207.63,1.91
2017/6/15,3.89,3.92,3.9,3.88,3140842.25,0,0,3.97,3.941,3.986,4303376.85,4100281.9,4281604.56,0.93
2017/6/14,3.99,4,3.9,3.88,5827164,-0.1,-2.5,3.994,3.937,3.996,5030876.6,4179918.8,4401670.33,1.72
2017/6/13,4,4.04,4,3.97,4345796,0,0,3.996,3.933,4.01,4891542.9,4351181.2,4491685.53,1.28
2017/6/12,4.05,4.08,4,3.98,4337780.5,-0.05,-1.24,3.966,3.935,4.004,4545571.55,3916607.7,4467017.15,1.28
2017/6/9,4.04,4.08,4.05,4,3865301.5,0.03,0.75,3.944,3.937,3.994,4143961.55,3826676.4,4359599.11,1.14
2017/6/8,3.89,4.07,4.02,3.89,6778341,0.11,2.81,3.912,3.938,3.981,3897186.95,3826744.75,4410554.14,2
2017/6/7,3.85,3.95,3.91,3.82,5130495.5,0.06,1.56,3.88,3.943,3.971,3328961,3635726.25,4354224.54,1.51
2017/6/6,3.88,3.89,3.85,3.81,2615939.25,-0.04,-1.03,3.87,3.95,3.963,3810819.5,3902332.7,4387558.74,0.77
2017/6/5,3.89,3.93,3.89,3.86,2329730.5,0,0,3.904,3.977,3.956,3287643.85,4168930.58,4848093.97,0.69
2017/6/2,3.86,3.9,3.89,3.8,2631428.5,0.03,0.78,3.93,4.003,3.967,3509391.25,4311966.75,4867361.04,0.78
2017/6/1,3.86,3.94,3.86,3.82,3937211.25,0,0,3.964,4.03,3.98,3756302.55,4462927.22,4940192.41,1.16
2017/5/31,4.07,4.1,3.86,3.82,7539788,-0.16,-3.98,4.006,4.055,3.996,3942491.5,4623421.85,5048854.55,2.22
2017/5/30,4.02,4.02,4.02,4.01,61,0,0,4.03,4.087,4.008,3993845.9,4632189.85,4933414.83,0
2017/5/26,4.07,4.08,4.02,4,3438467.5,-0.04,-0.98,4.05,4.073,4.009,5050217.3,5017426.6,5138961.83,1.01
2017/5/25,4.06,4.11,4.06,3.98,3865985,-0.01,-0.25,4.076,4.051,4.01,5114542.25,4892521.83,5241477.9,1.14
2017/5/24,3.97,4.08,4.07,3.95,4868156,0.09,2.26,4.096,4.024,4.009,5169551.9,4994363.53,5409018.53,1.43
2017/5/23,4.11,4.13,3.98,3.94,7796560,-0.14,-3.4,4.104,3.998,3.998,5304352.2,5072722.83,5427736.75,2.3
2017/5/22,4.16,4.19,4.12,4.11,5281918,-0.03,-0.72,4.144,3.976,3.995,5270533.8,4872784.78,5347941.05,1.56
2017/5/19,4.14,4.23,4.15,4.13,3760092.25,-0.01,-0.24,4.096,3.935,3.988,4984635.9,5527257.38,5488915.7,1.11
2017/5/18,4.08,4.2,4.16,4.07,4141033.25,0.05,1.22,4.026,3.931,3.971,4670501.4,5422755.33,5515751.79,1.22
2017/5/17,4.16,4.21,4.11,4.09,5542157.5,-0.07,-1.68,3.952,3.93,3.949,4819175.15,5417457.6,5503178.74,1.63
2017/5/16,3.87,4.19,4.18,3.83,7627468,0.3,7.73,3.892,3.937,3.933,4841093.45,5474287.25,5435586.74,2.25
2017/5/15,3.86,3.92,3.88,3.84,3852428.5,0.08,2.1,3.808,3.929,3.91,4475035.75,5234639.8,5170200.29,1.13
2017/5/12,3.78,3.84,3.8,3.78,2189419.75,0.01,0.26,3.774,3.944,3.901,6069878.85,5260497.05,5116797.94,0.64
2017/5/11,3.8,3.88,3.79,3.73,4884402,-0.02,-0.53,3.836,3.969,3.9,6175009.25,5590433.98,5183448.49,1.44
2017/5/10,3.76,3.88,3.81,3.75,5651749,0.05,1.33,3.908,3.993,3.896,6015740.05,5823673.53,5103899.11,1.66
2017/5/9,3.61,3.78,3.76,3.58,5797179.5,0.05,1.35,3.982,3.998,3.895,6107481.05,5782750.68,5210222.16,1.71
2017/5/8,4.08,4.11,3.71,3.7,11826644,-0.4,-9.73,4.05,4.014,3.897,5994243.85,5823097.33,5276408.89,3.48
2017/5/5,4.12,4.17,4.11,4.11,2715071.75,-0.04,-0.96,4.114,4.041,3.894,4451115.25,5450574.03,4960850.36,0.8
2017/5/4,4.16,4.22,4.15,4.13,4088056,-0.03,-0.72,4.102,4.01,3.867,5005858.7,5608748.25,4978109.99,1.2
2017/5/3,4.11,4.2,4.18,4.08,6110454,0.08,1.95,4.078,3.968,3.838,5631607,5588899.88,5035992.79,1.8
2017/5/2,4.02,4.11,4.1,3.96,5230993.5,0.07,1.74,4.014,3.929,3.801,5458020.3,5396886.23,4851164.85,1.54
2017/4/28,4.12,4.12,4.03,4.02,4111001,-0.02,-0.49,3.978,3.89,3.766,5651950.8,5105760.78,4857759.1,1.21
2017/4/27,4,4.05,4.05,3.95,5488789,0.02,0.5,3.968,3.858,3.739,6450032.8,4973098.83,4843157.21,1.62
2017/4/26,3.85,4.13,4.03,3.84,7216797.5,0.17,4.4,3.918,3.83,3.711,6211637.8,4776463,4782557.64,2.13
2017/4/25,3.92,3.95,3.86,3.82,5242520.5,-0.06,-1.53,3.858,3.799,3.68,5546192.75,4384124.7,4640972.41,1.54
2017/4/24,3.97,4.02,3.92,3.87,6200646,-0.06,-1.51,3.844,3.792,3.657,5335752.15,4637693.65,4711555.64,1.83
2017/4/21,3.83,4.05,3.98,3.82,8101411,0.18,4.74,3.802,3.779,3.627,4559570.75,4729720.45,4566749.29,2.39
2017/4/20,3.75,3.83,3.8,3.72,4296814,0.07,1.88,3.748,3.747,3.594,3496164.85,4471126.7,4386541.14,1.27
2017/4/19,3.79,3.86,3.73,3.7,3889572.25,-0.06,-1.58,3.742,3.724,3.569,3341288.2,4347471.72,4358215.74,1.15
2017/4/18,3.71,3.81,3.79,3.7,4190317.5,0.08,2.16,3.74,3.707,3.544,3222056.65,4483085.7,4264210.06,1.23
2017/4/17,3.71,3.74,3.71,3.68,2319739,0,0,3.74,3.672,3.514,3939635.15,4305443.47,4145015.17,0.68
2017/4/14,3.77,3.77,3.71,3.68,2784381.5,-0.06,-1.59,3.756,3.642,3.49,4899870.15,4609757.43,4101101.8,0.82
2017/4/13,3.73,3.84,3.77,3.72,3522430.75,0.05,1.34,3.746,3.619,3.466,5446088.55,4713215.6,4071038.96,1.04
2017/4/12,3.77,3.79,3.72,3.7,3293414.5,-0.07,-1.85,3.706,3.591,3.436,5353655.25,4788652.28,3978211.81,0.97
2017/4/11,3.84,3.89,3.79,3.68,7778210,0,0,3.674,3.561,3.41,5744114.75,4897820.13,4004031.93,2.29
2017/4/10,3.65,3.8,3.79,3.64,7120914,0.13,3.55,3.604,3.522,3.378,4671251.8,4785417.63,3705416.01,2.1
2017/4/7,3.55,3.67,3.66,3.54,5515473.5,0.09,2.52,3.528,3.475,3.346,4319644.7,4403778.13,3451094.59,2.3
2017/4/6,3.57,3.59,3.57,3.5,3060264.25,0.01,0.28,3.492,3.441,3.323,3980342.65,4301955.58,3272306.53,1.27
2017/4/5,3.45,3.67,3.56,3.44,5245712,0.12,3.49,3.476,3.413,3.306,4223649.3,4368959.75,3230268.74,2.18
2017/3/31,3.41,3.45,3.44,3.4,2413895.25,0.03,0.88,3.448,3.38,3.288,4051525.5,4045334.43,3073420.29,1
2017/3/30,3.48,3.49,3.41,3.4,5362878.5,-0.07,-2.01,3.44,3.355,3.277,4899583.45,3984586.86,3040427.11,2.23
2017/3/29,3.49,3.52,3.48,3.45,3818963.25,-0.01,-0.29,3.422,3.337,3.267,4487911.55,3592446.17,2894585.41,1.59
2017/3/28,3.42,3.49,3.49,3.4,4276797.5,0.07,2.05,3.39,3.312,3.256,4623568.5,3428862.32,2829658.47,1.78
2017/3/27,3.4,3.48,3.42,3.4,4385093,0.02,0.59,3.35,3.281,3.245,4514270.2,3167771.34,2703511.7,1.82
2017/3/24,3.33,3.44,3.4,3.32,6654185,0.08,2.41,3.312,3.259,3.238,4039143.35,3110243.74,2596135.08,2.77
2017/3/23,3.33,3.35,3.32,3.29,3304519,0,0,3.27,3.233,3.236,3069590.27,2625414.39,2359994.8,1.38
2017/3/22,3.29,3.34,3.32,3.27,4497248,0.03,0.91,3.252,3.217,3.236,2696980.8,2498411.05,2343144.22,1.87
2017/3/21,3.23,3.3,3.29,3.22,3730306,0.06,1.86,3.234,3.205,3.237,2234156.15,2242657.49,2356159.25,1.55
2017/3/20,3.19,3.24,3.23,3.18,2009458.75,0.04,1.25,3.212,3.198,3.236,1821272.47,2091577.74,2345238.81,0.84
2017/3/17,3.23,3.25,3.19,3.18,1806419.62,-0.04,-1.24,3.206,3.196,3.235,2181344.12,2101506.16,2417542.74,0.75
2017/3/16,3.22,3.25,3.23,3.21,1441471.62,0,0,3.196,3.199,3.237,2181238.5,2096267.36,2432838.41,0.6
2017/3/15,3.18,3.24,3.23,3.17,2183124.75,0.05,1.57,3.182,3.197,3.239,2299841.3,2196724.65,2490573.07,0.91
2017/3/14,3.2,3.21,3.18,3.17,1665887.62,-0.02,-0.62,3.176,3.199,3.24,2251158.82,2230454.62,2549132.79,0.69
2017/3/13,3.13,3.21,3.2,3.12,3809817,0.06,1.91,3.184,3.208,3.241,2361883,2239252.07,2651301.79,1.59
2017/3/10,3.16,3.18,3.14,3.14,1805891.5,-0.02,-0.63,3.186,3.217,3.245,2021668.2,2082026.42,2600901.31,0.75
2017/3/9,3.2,3.2,3.16,3.15,2034485.62,-0.04,-1.25,3.202,3.238,3.251,2011296.22,2094575.21,2666951.34,0.85
2017/3/8,3.23,3.23,3.2,3.18,1939712.38,-0.02,-0.62,3.212,3.255,3.254,2093608,2187877.4,2750415.35,0.81
2017/3/7,3.21,3.25,3.22,3.2,2219508.5,0.01,0.31,3.222,3.269,3.253,2209750.42,2469661.01,2778144.28,0.92
2017/3/6,3.24,3.26,3.21,3.19,2108743,-0.01,-0.31,3.232,3.273,3.252,2116621.15,2598899.89,2802407.89,0.88
2017/3/3,3.19,3.24,3.22,3.17,1754031.62,0.01,0.31,3.248,3.274,3.25,2142384.65,2733579.31,2880390.71,0.73
2017/3/2,3.24,3.26,3.21,3.19,2446044.5,-0.04,-1.23,3.274,3.274,3.25,2177854.2,2769409.45,3222956.03,1.02
2017/3/1,3.26,3.27,3.25,3.22,2520424.5,-0.02,-0.61,3.298,3.28,3.27,2282146.8,2784421.5,3100696.4,1.05
2017/2/28,3.29,3.3,3.27,3.24,1753862.12,-0.02,-0.61,3.316,3.28,3.278,2729571.6,2867810.95,3077248.44,0.73
2017/2/27,3.35,3.37,3.29,3.28,2237560.5,-0.06,-1.79,3.314,3.274,3.285,3081178.63,3063351.51,3109507.34,0.93
2017/2/24,3.32,3.39,3.35,3.32,1931379.38,0.02,0.6,3.3,3.272,3.29,3324773.98,3119776.19,3172332.97,0.8
2017/2/23,3.33,3.38,3.33,3.31,2967507.5,-0.01,-0.3,3.274,3.263,3.294,3360964.7,3239327.48,3412691.33,1.23
2017/2/22,3.25,3.35,3.34,3.24,4757548.5,0.08,2.45,3.262,3.252,3.292,3286696.2,3312953.3,3501948.33,1.98
2017/2/21,3.22,3.26,3.26,3.21,3511897.25,0.04,1.24,3.244,3.237,3.283,3006050.3,3086627.55,3534949.85,1.46
2017/2/20,3.21,3.24,3.22,3.15,3455537.25,0,0,3.234,3.23,3.277,3045524.4,3005915.9,3458183.41,1.44
2017/2/17,3.26,3.27,3.22,3.21,2112333,-0.05,-1.53,3.244,3.225,3.274,2914778.4,3027202.1,3452488.84,0.88
2017/2/16,3.25,3.28,3.27,3.23,2596165,0.02,0.61,3.252,3.225,3.268,3117690.25,3676502.6,3678099.09,1.08
2017/2/15,3.21,3.28,3.25,3.2,3354319,0.04,1.25,3.242,3.26,3.264,3339210.4,3416971.3,3796365.69,1.4
2017/2/14,3.26,3.28,3.21,3.19,3709267.75,-0.06,-1.83,3.23,3.276,3.266,3167204.8,3286685.93,4056856.64,1.54
2017/2/13,3.25,3.29,3.27,3.23,2801807.25,0.01,0.31,3.226,3.295,3.264,2966307.4,3155663.18,4075365.56,1.17
2017/2/10,3.22,3.28,3.26,3.21,3126892.25,0.04,1.24,3.206,3.308,3.258,3139625.8,3224889.75,4163886.14,1.3
2017/2/9,3.18,3.26,3.22,3.17,3703765.75,0.03,0.94,3.198,3.325,3.253,4235314.95,3586055.18,4224833.03,1.54
2017/2/8,3.19,3.2,3.19,3.13,2494291,0,0,3.278,3.331,3.246,3494732.2,3690943.35,4182488.04,1.04
2017/2/7,3.17,3.22,3.19,3.16,2704780.75,0.02,0.63,3.322,3.328,3.241,3406167.05,3983272.15,4260207.16,1.13
2017/2/6,3.16,3.21,3.17,3.13,3668399.25,-0.05,-1.55,3.364,3.324,3.237,3345018.95,3910450.91,4389448.32,1.53
2017/2/3,3.4,3.4,3.22,3.07,8605338,-0.19,-5.57,3.41,3.323,3.234,3310153.7,3877775.59,4701736.16,3.58
2017/2/2,3.4,3.62,3.62,3.2,852,0.21,6.16,3.452,3.31,3.216,2936795.4,3679695.59,4390526.93,0
2017/1/26,3.41,3.44,3.41,3.38,2051465.25,0.01,0.29,3.384,3.267,3.175,3887154.5,4175760.09,4452826.61,0.85
2017/1/25,3.4,3.43,3.4,3.35,2399040.25,0,0,3.334,3.256,3.145,4560377.25,4827027.36,4421235.15,1
2017/1/24,3.42,3.46,3.4,3.37,3494073,-0.03,-0.88,3.284,3.232,3.116,4475882.88,4995067.94,4356451.86,1.45
2017/1/23,3.28,3.45,3.43,3.27,6738546.5,0.15,4.57,3.236,3.207,3.088,4445397.48,5102882.54,4271778.64,2.8
2017/1/20,3.27,3.33,3.28,3.24,4752647.5,0.12,3.8,3.168,3.18,3.057,4422595.78,4863610.89,4052138.11,1.98
2017/1/19,3.14,3.28,3.16,3.13,5417579,0.01,0.32,3.15,3.161,3.035,4464365.68,4674032.74,3885287.25,2.25
2017/1/18,3.15,3.19,3.15,3.13,1976568.38,-0.01,-0.32,3.178,3.153,3.02,5093677.48,4537142.16,3745120.53,0.82
2017/1/17,3.08,3.17,3.16,3.07,3341646,0.07,2.27,3.18,3.15,3.005,5514253,4868445.72,3881278.76,1.39
2017/1/16,3.17,3.21,3.09,3.01,6624538,-0.1,-3.13,3.178,3.144,2.988,5760367.6,5525696.73,3844811.73,2.76
2017/1/13,3.28,3.3,3.19,3.17,4961497,-0.11,-3.33,3.192,3.121,2.972,5304626,5101358.28,3624140.46,2.06
2017/1/12,3.16,3.35,3.3,3.16,8564138,0.14,4.43,3.172,3.082,2.952,4883699.8,4729893.13,3572054.69,3.56
2017/1/11,3.14,3.2,3.16,3.12,4079446,0.01,0.32,3.128,3.034,2.927,3980606.85,4015442.94,3316121.14,1.7
2017/1/10,3.16,3.23,3.15,3.14,4572219,-0.01,-0.32,3.12,3,2.91,4222638.45,3717835.78,3359068.69,1.9
2017/1/9,3.1,3.17,3.16,3.09,4345830,0.07,2.27,3.11,2.968,2.895,5291025.85,3440674.75,3353424.44,1.81
2017/1/6,3.07,3.13,3.09,3.07,2856866,0.01,0.33,3.05,2.933,2.885,4898090.55,3240665.33,3273383.41,1.19
2017/1/5,3.11,3.17,3.08,3.06,4048673.25,-0.04,-1.28,2.992,2.909,2.877,4576086.45,3096541.76,3355937.33,1.68
2017/1/4,3.08,3.14,3.12,3.05,5289604,0.02,0.65,2.94,2.887,2.866,4050279.02,2953098.89,3297324.22,2.2
2017/1/3,2.86,3.15,3.1,2.86,9914156,0.24,8.39,2.88,2.859,2.853,3213033.1,2894111.79,3220454.37,4.13
2016/12/30,2.81,2.86,2.86,2.8,2381153.5,0.06,2.14,2.826,2.831,2.841,1590323.65,2163926.74,3204112.22,0.99
2016/12/29,2.81,2.82,2.8,2.79,1246845.5,-0.02,-0.71,2.816,2.823,2.846,1583240.1,2146922.64,3446812.49,0.52
2016/12/28,2.82,2.83,2.82,2.79,1419636.12,0,0,2.826,2.821,2.851,1616997.08,2414216.26,3551540.57,0.59
2016/12/27,2.83,2.85,2.82,2.81,1103374.38,-0.01,-0.35,2.834,2.82,2.855,1855918.75,2616799.35,3708010.96,0.46
2016/12/26,2.8,2.83,2.83,2.78,1800608.75,0.02,0.71,2.838,2.82,2.859,2575190.48,3000301.61,4059862.47,0.75
2016/12/23,2.84,2.85,2.81,2.79,2345735.75,-0.04,-1.4,2.836,2.822,2.86,2737529.83,3266174.14,4365640.13,0.98
2016/12/22,2.86,2.87,2.85,2.83,1415630.38,-0.01,-0.35,2.83,2.836,2.859,2710605.18,3306101.49,4445581.23,0.59
2016/12/21,2.85,2.87,2.86,2.84,2614244.5,0.02,0.7,2.816,2.844,2.852,3211435.45,3615332.9,4517674.9,1.09
2016/12/20,2.82,2.86,2.84,2.81,4699733,0.02,0.71,2.806,2.845,2.847,3377679.95,3641549.55,4539283.99,1.96
2016/12/19,2.79,2.84,2.82,2.76,2612305.5,0.04,1.44,2.802,2.846,2.844,3425412.75,3546796.95,4512776.7,1.09
2016/12/16,2.78,2.81,2.78,2.76,2211112.5,0,0,2.808,2.85,2.84,3794818.45,4244297.7,4505159.3,0.92
2016/12/15,2.8,2.85,2.78,2.77,3919781.75,-0.03,-1.07,2.842,2.869,2.837,3901597.8,4746702.35,4501974.93,1.63
2016/12/14,2.81,2.85,2.81,2.79,3445467,-0.01,-0.35,2.872,2.881,2.835,4019230.35,4688864.88,4432568.21,1.43
2016/12/13,2.84,2.87,2.82,2.77,4938397,-0.03,-1.05,2.884,2.89,2.833,3905419.15,4799222.58,4557733.51,2.06
2016/12/12,2.96,2.97,2.85,2.83,4459334,-0.1,-3.39,2.89,2.897,2.829,3668181.15,5119423.33,4424841.78,1.86
2016/12/9,2.94,2.97,2.95,2.91,2745009.25,0.02,0.68,2.892,2.898,2.823,4693776.95,5465106.13,4426319.15,1.14
2016/12/8,2.87,2.97,2.93,2.86,4507944.5,0.06,2.09,2.896,2.881,2.812,5591806.9,5585060.98,4486627.6,1.88
2016/12/7,2.85,2.87,2.87,2.81,2876411,0.02,0.7,2.89,2.86,2.804,5358499.4,5420016.9,4497596.18,1.2
2016/12/6,2.84,2.88,2.85,2.84,3752207,-0.01,-0.35,2.896,2.848,2.799,5693026,5437018.43,4879154.08,1.56
2016/12/5,2.93,3.03,2.86,2.84,9587313,-0.11,-3.7,2.904,2.842,2.79,6570665.5,5478756.45,4965956.72,3.99
2016/12/2,2.89,3.06,2.97,2.87,7235159,0.07,2.41,2.904,2.83,2.781,6236435.3,4766020.9,5107736.88,3.01
2016/12/1,2.91,2.93,2.9,2.87,3341407,0,0,2.866,2.804,2.758,5578315.05,4257247.5,4888684.13,1.39
2016/11/30,2.88,2.93,2.9,2.86,4549044,0.01,0.35,2.83,2.789,2.74,5481534.4,4176271.55,4879573.55,1.89
2016/11/29,2.85,2.95,2.89,2.84,8140404.5,0.03,1.05,2.8,2.776,2.721,5181010.85,4316244.45,4877611.97,3.39
2016/11/28,2.78,2.88,2.86,2.77,7916162,0.08,2.88,2.78,2.76,2.7,4386847.4,3730260.23,4558506.88,3.29
2016/11/25,2.72,2.79,2.78,2.71,3944557.75,0.06,2.21,2.756,2.747,2.682,3295606.5,3387532.18,4254686.64,1.64
2016/11/24,2.74,2.75,2.72,2.71,2857503.75,-0.03,-1.09,2.742,2.743,2.669,2936179.95,3388194.23,4135663.49,1.19
2016/11/23,2.79,2.79,2.75,2.74,3046426.25,-0.04,-1.43,2.748,2.748,2.659,2871008.7,3575175.45,4088793.54,1.27
2016/11/22,2.74,2.8,2.79,2.73,4169587.25,0.05,1.82,2.752,2.75,2.648,3451478.05,4321289.72,4096568.84,1.74
2016/11/21,2.71,2.76,2.74,2.7,2459957.5,0.03,1.11,2.74,2.738,2.633,3073673.05,4453157,3957969.33,1.02
2016/11/18,2.74,2.75,2.71,2.7,2147425,-0.04,-1.46,2.738,2.731,2.622,3479457.85,5449452.85,3905626.67,0.89
2016/11/17,2.77,2.77,2.75,2.72,2531647.5,-0.02,-0.72,2.744,2.712,2.612,3840208.5,5520120.75,3944447.29,1.05
2016/11/16,2.73,2.84,2.77,2.73,5948773,0.04,1.47,2.748,2.69,2.601,4279342.2,5582875.55,3933074.91,2.48
2016/11/15,2.73,2.75,2.73,2.71,2280562.25,0,0,2.748,2.666,2.587,5191101.4,5438979.5,3832078.94,0.95
2016/11/14,2.74,2.76,2.73,2.71,4488881.5,-0.01,-0.36,2.736,2.64,2.578,5832640.95,5386753.54,3909377.27,1.87
2016/11/11,2.77,2.79,2.74,2.73,3951178.25,-0.03,-1.08,2.724,2.616,2.568,7419447.85,5121841.1,4056758.67,1.64
2016/11/10,2.78,2.81,2.77,2.73,4727316,0,0,2.68,2.594,2.555,7200033,4883132.75,3990806.34,1.97
2016/11/9,2.67,2.8,2.77,2.66,10507569,0.1,3.75,2.632,2.569,2.54,6886408.9,4602411.64,4060710.09,4.37
2016/11/8,2.66,2.72,2.67,2.65,5488260,0,0,2.584,2.545,2.523,5686857.6,3871847.96,3666655.88,2.28
2016/11/7,2.53,2.77,2.67,2.51,12422916,0.15,5.95,2.544,2.528,2.508,4940866.12,3462781.66,3439678.36,5.17
2016/11/4,2.52,2.56,2.52,2.51,2854104,-0.01,-0.4,2.508,2.512,2.493,2824234.35,2361800.49,2884391.13,1.19
2016/11/3,2.51,2.54,2.53,2.5,3159195.5,0,0,2.508,2.512,2.486,2566232.5,2368773.84,2792266.09,1.31
2016/11/2,2.48,2.56,2.53,2.47,4509812.5,0.05,2.02,2.506,2.511,2.478,2318414.37,2283274.26,2686111.99,1.88
2016/10/28,2.49,2.51,2.47,2.47,1758302.62,-0.02,-0.8,2.506,2.507,2.47,2056838.32,2225178.39,2550076.44,0.73
2016/10/27,2.51,2.51,2.49,2.48,1839757.12,-0.03,-1.19,2.512,2.515,2.467,1984697.2,2432001,2541092.19,0.77
2016/10/26,2.52,2.53,2.52,2.5,1564094.75,0,0,2.516,2.52,2.463,1899366.63,2991676.24,2650063.84,0.65
2016/10/25,2.53,2.54,2.52,2.51,1920104.88,-0.01,-0.4,2.516,2.515,2.456,2171315.18,3098479.94,2639319.29,0.8
2016/10/24,2.5,2.55,2.53,2.49,3201932.25,0.03,1.2,2.516,2.511,2.449,2248134.15,3519008.55,2637048.64,1.33
2016/10/21,2.5,2.52,2.5,2.49,1397597,-0.01,-0.4,2.508,2.5,2.44,2393518.45,3461463.8,2536217.64,0.58
2016/10/20,2.53,2.53,2.51,2.49,1413104.25,-0.01,-0.4,2.518,2.487,2.432,2879304.8,3416575.06,2556687.44,0.59
2016/10/19,2.51,2.55,2.52,2.5,2923837.5,0,0,2.524,2.474,2.424,4083985.85,3406981.78,2547616.74,1.22
2016/10/18,2.48,2.52,2.52,2.47,2304199.75,0.03,1.21,2.514,2.459,2.415,4025644.7,3215758.35,2547829.14,0.96
2016/10/17,2.55,2.56,2.49,2.47,3928853.75,-0.06,-2.35,2.506,2.444,2.408,4789882.95,3088949.73,2517330.42,1.64
2016/10/14,2.53,2.55,2.55,2.51,3826528.75,0.01,0.39,2.492,2.432,2.405,4529409.15,2874974.49,2386977.25,1.59
2016/10/13,2.47,2.57,2.54,2.47,7436509.5,0.07,2.83,2.456,2.418,2.399,3953845.32,2650183.38,2260888.24,3.09
2016/10/12,2.47,2.5,2.47,2.46,2632131.75,-0.01,-0.4,2.424,2.406,2.393,2729977.7,2308451.45,1971517.6,1.1
2016/10/11,2.42,2.51,2.48,2.41,6125391,0.06,2.48,2.404,2.396,2.391,2405872,2180158.64,1909702.36,2.55
2016/10/10,2.38,2.42,2.42,2.38,2626484.75,0.05,2.11,2.382,2.386,2.387,1388016.5,1755088.73,1671194.59,1.09
2016/9/30,2.38,2.38,2.37,2.37,948709.62,-0.01,-0.42,2.372,2.38,2.386,1220539.83,1610971.48,1656338.49,0.39
2016/9/29,2.36,2.39,2.38,2.36,1317171.38,0.01,0.42,2.38,2.377,2.39,1346521.43,1696799.83,1686244.44,0.55
2016/9/28,2.37,2.38,2.37,2.35,1011603.25,0,0,2.388,2.373,2.394,1886925.2,1688251.71,1728173.71,0.42
2016/9/27,2.36,2.38,2.37,2.35,1036113.5,0,0,2.388,2.37,2.398,1954445.27,1879899.94,1791192.93,0.43
2016/9/26,2.4,2.41,2.37,2.36,1789101.38,-0.04,-1.66,2.39,2.372,2.402,2122160.95,1945711.13,1938522.07,0.74
2016/9/23,2.43,2.45,2.41,2.4,1578617.62,-0.01,-0.41,2.388,2.377,2.405,2001403.12,1898980.01,2071634.5,0.66
2016/9/22,2.38,2.44,2.42,2.37,4019190.25,0.05,2.11,2.374,2.379,2.409,2047078.22,1871593.1,2334497.97,1.67
2016/9/21,2.37,2.39,2.37,2.36,1349203.62,-0.01,-0.42,2.358,2.38,2.409,1489578.22,1634583.75,2341057.33,0.56
2016/9/20,2.36,2.39,2.38,2.34,1874691.88,0.02,0.85,2.352,2.385,2.411,1805354.6,1639246.09,2353015.31,0.78
2016/9/19,2.34,2.36,2.36,2.34,1185312.25,0.02,0.85,2.354,2.388,2.412,1769261.3,1587300.45,2335748.94,0.49
2016/9/14,2.33,2.35,2.34,2.33,1806993.12,0,0,2.366,2.392,2.414,1796556.9,1701705.5,2366254.6,0.75
2016/9/13,2.35,2.35,2.34,2.33,1231690.25,0,0,2.384,2.402,2.418,1696107.98,1675689.05,2361437.01,0.51
2016/9/12,2.37,2.38,2.34,2.33,2928085.5,-0.05,-2.09,2.402,2.414,2.422,1779589.28,1768095.7,2429116.63,1.22
2016/9/9,2.41,2.42,2.39,2.39,1694225.38,-0.03,-1.24,2.418,2.425,2.426,1473137.58,1702485.93,2512882.56,0.71
2016/9/8,2.43,2.43,2.42,2.4,1321790.25,-0.01,-0.41,2.422,2.431,2.425,1405339.6,1931333.01,2534079.34,0.55
2016/9/7,2.42,2.44,2.43,2.42,1304748.5,0,0,2.418,2.433,2.422,1606854.1,2244288.99,2547672.59,0.54
2016/9/6,2.42,2.44,2.43,2.4,1649096.75,0.01,0.41,2.42,2.438,2.419,1655270.12,2797402.84,2561281.27,0.69
2016/9/5,2.42,2.43,2.42,2.41,1395827,0.01,0.41,2.426,2.438,2.416,1756602.12,3047530.91,2589175.21,0.58
2016/9/2,2.41,2.42,2.41,2.4,1355235.5,0.01,0.42,2.432,2.436,2.413,1931834.27,3066784.52,2673138.23,0.56
2016/9/1,2.44,2.45,2.4,2.4,2329362.75,-0.04,-1.64,2.44,2.435,2.408,2457326.42,3084197.44,2651634.01,0.97
2016/8/31,2.46,2.47,2.44,2.44,1546828.62,-0.02,-0.81,2.448,2.436,2.404,2881723.87,3030803.7,2582222.69,0.64
2016/8/30,2.45,2.47,2.46,2.43,2155756.75,0.01,0.41,2.456,2.433,2.399,3939535.55,3047184.96,2551248.33,0.9
2016/8/29,2.45,2.47,2.45,2.43,2271987.75,0,0,2.45,2.429,2.392,4338459.7,3090137.56,2481178.1,0.95
2016/8/26,2.44,2.51,2.45,2.43,3982696.25,0.01,0.41,2.44,2.426,2.385,4201734.77,3323279.19,2449097.05,1.66
2016/8/25,2.47,2.47,2.44,2.41,4451350,-0.04,-1.61,2.43,2.419,2.379,3711068.45,3136825.66,2316246.1,1.85
2016/8/24,2.42,2.51,2.48,2.42,6835887,0.05,2.06,2.424,2.41,2.374,3179883.52,2851056.19,2224831.03,2.84
2016/8/23,2.4,2.44,2.43,2.39,4150377.5,0.03,1.25,2.41,2.399,2.368,2154834.37,2325159.7,2106011.21,1.73
2016/8/22,2.41,2.41,2.4,2.39,1588363.12,0,0,2.408,2.393,2.365,1841815.42,2130819.5,1980292.62,0.66
2016/8/19,2.41,2.42,2.4,2.39,1529364.62,-0.01,-0.41,2.412,2.389,2.363,2444823.6,2279491.94,1966534.58,0.64
2016/8/18,2.41,2.42,2.41,2.4,1795425.38,0,0,2.408,2.381,2.361,2562582.88,2219070.58,1971366.19,0.75
2016/8/17,2.42,2.42,2.41,2.4,1710641.25,-0.01,-0.41,2.396,2.372,2.36,2522228.85,2133641.69,1966273.93,0.71
2016/8/16,2.41,2.43,2.42,2.4,2585282.75,0,0,2.388,2.364,2.358,2495485.02,2055311.69,1933842.95,1.08
2016/8/15,2.38,2.43,2.42,2.37,4603404,0.04,1.68,2.378,2.354,2.355,2419823.57,1872218.64,1870379.98,1.92
2016/8/12,2.35,2.39,2.38,2.35,2118161,0.03,1.28,2.366,2.344,2.353,2114160.27,1574914.91,1734625,0.88
2016/8/11,2.37,2.38,2.35,2.35,1593655.25,-0.02,-0.84,2.354,2.339,2.354,1875558.29,1495666.53,1758440.4,0.66
2016/8/10,2.37,2.38,2.37,2.36,1576922.12,0,0,2.348,2.338,2.357,1745054.52,1598605.88,1785905.23,0.66
2016/8/9,2.36,2.38,2.37,2.35,2206975.5,0.01,0.42,2.34,2.336,2.359,1615138.36,1886862.72,1851444.53,0.92
2016/8/8,2.32,2.37,2.36,2.32,3075087.5,0.04,1.72,2.33,2.337,2.362,1324613.71,1829765.74,1901779.7,1.28
2016/8/5,2.32,2.33,2.32,2.31,925151.06,0,0,2.322,2.337,2.363,1035669.54,1653577.22,2031971.18,0.39
2016/8/4,2.32,2.33,2.32,2.31,941136.44,-0.01,-0.43,2.324,2.341,2.365,1115774.77,1723661.8,2083512.28,0.39
2016/8/3,2.32,2.33,2.33,2.31,927341.31,0.01,0.43,2.328,2.347,2.367,1452157.24,1798906.18,2201162.94,0.39
2016/8/2,2.32,2.33,2.32,2.31,754352.25,0,0,2.332,2.351,2.367,2158587.07,1812374.21,2260364.35,0.31
2016/8/1,2.33,2.34,2.32,2.3,1630366.62,-0.01,-0.43,2.344,2.356,2.368,2334917.77,1868541.31,2372599.42,0.68
2016/7/29,2.34,2.34,2.33,2.32,1325677.25,-0.01,-0.43,2.352,2.361,2.369,2271484.9,1894335.09,2487022.23,0.55
2016/7/28,2.34,2.35,2.34,2.32,2623048.75,-0.01,-0.43,2.358,2.368,2.368,2331548.83,2021214.26,2491707.56,1.09
2016/7/27,2.38,2.42,2.35,2.32,4459490.5,-0.03,-1.26,2.366,2.375,2.367,2145655.13,1973204.59,2433518.95,1.86
2016/7/26,2.36,2.38,2.38,2.36,1636005.75,0.02,0.85,2.37,2.382,2.365,1466161.35,1816026.34,2306254.33,0.68
2016/7/25,2.36,2.38,2.36,2.35,1313202.25,0,0,2.368,2.386,2.361,1402164.85,1973793.66,2313933.01,0.55
2016/7/22,2.37,2.38,2.36,2.36,1625996.88,-0.02,-0.84,2.37,2.389,2.358,1517185.28,2410365.14,2315587.51,0.68
2016/7/21,2.37,2.39,2.38,2.37,1693580.25,0.01,0.42,2.378,2.388,2.354,1710879.7,2443362.75,2353381.13,0.7
2016/7/20,2.37,2.38,2.37,2.36,1062021.62,0,0,2.384,2.386,2.35,1800754.05,2603419.7,2347717.84,0.44
2016/7/19,2.36,2.38,2.37,2.36,1316023.25,0,0,2.394,2.383,2.347,2165891.33,2708354.49,2351902.49,0.55
2016/7/18,2.39,2.4,2.37,2.36,1888304.38,-0.03,-1.25,2.404,2.38,2.344,2545422.48,2876657.54,2378317.69,0.79
2016/7/15,2.42,2.43,2.4,2.39,2594469,-0.01,-0.41,2.408,2.377,2.341,3303545,3079709.38,2390544.74,1.08
2016/7/14,2.42,2.42,2.41,2.4,2142952,-0.01,-0.41,2.398,2.368,2.336,3175845.8,2962200.85,2350174.3,0.89
2016/7/13,2.41,2.43,2.42,2.4,2887708,0,0,2.388,2.358,2.33,3406085.35,2893833.31,2312080.29,1.2
2016/7/12,2.39,2.42,2.42,2.37,3213679,0.03,1.25,2.372,2.347,2.325,3250817.65,2796482.32,2267214.99,1.34
2016/7/11,2.35,2.44,2.39,2.34,5678917,0.04,1.7,2.356,2.336,2.318,3207892.6,2654072.36,2172328.04,2.36
2016/7/8,2.36,2.37,2.35,2.34,1955973,-0.01,-0.42,2.346,2.327,2.313,2855873.75,2220809.89,1995230.07,0.81
2016/7/7,2.35,2.38,2.36,2.34,3294149.75,0.02,0.85,2.338,2.32,2.313,2748555.9,2263399.51,1958506.47,1.37
2016/7/6,2.34,2.35,2.34,2.32,2111369.5,0,0,2.328,2.313,2.313,2381581.27,2092015.98,1860232.9,0.88
2016/7/5,2.34,2.36,2.34,2.33,2999053.75,0,0,2.322,2.311,2.314,2342147,1995450.5,1828947.83,1.25
2016/7/4,2.3,2.37,2.34,2.3,3918822.75,0.03,1.3,2.316,2.307,2.316,2100252.12,1879977.85,1811405.57,1.63
2016/7/1,2.31,2.32,2.31,2.3,1419383.75,0,0,2.308,2.305,2.32,1585746.02,1701380.1,1770013.79,0.59
2016/6/30,2.31,2.32,2.31,2.3,1459276.62,0,0,2.302,2.304,2.323,1778243.12,1738147.75,1849984.33,0.61
2016/6/29,2.3,2.32,2.31,2.3,1914198.12,0,0,2.298,2.302,2.326,1802450.68,1730327.26,1978257.43,0.8
2016/6/28,2.29,2.31,2.31,2.28,1789579.38,0.02,0.87,2.3,2.303,2.326,1648754,1737947.66,2008948.46,0.74
2016/6/27,2.27,2.3,2.3,2.27,1346292.25,0.02,0.88,2.298,2.3,2.328,1659703.58,1690583.73,2186334.04,0.56
2016/6/24,2.29,2.31,2.28,2.26,2381869.25,-0.01,-0.44,2.302,2.298,2.328,1817014.18,1769650.25,2205072.39,0.99
2016/6/23,2.31,2.31,2.29,2.28,1580314.38,-0.03,-1.29,2.306,2.305,2.328,1698052.38,1653613.43,2137294.87,0.66
2016/6/22,2.3,2.32,2.32,2.29,1145714.75,0.02,0.87,2.306,2.312,2.328,1658203.85,1628449.83,2126724.9,0.48
2016/6/21,2.33,2.34,2.3,2.29,1844327.25,-0.02,-0.86,2.306,2.317,2.328,1827141.32,1662445.16,2140494.67,0.77
2016/6/20,2.3,2.34,2.32,2.28,2132845.25,0.02,0.87,2.302,2.325,2.328,1721463.87,1742833.29,2125498.19,0.89
2016/6/17,2.29,2.32,2.3,2.28,1787060.25,0.01,0.44,2.294,2.334,2.327,1722286.32,1838647.49,2140638.49,0.74
2016/6/16,2.31,2.32,2.29,2.28,1381071.75,-0.03,-1.29,2.304,2.341,2.327,1609174.47,1961820.91,2176416.85,0.57
2016/6/15,2.27,2.33,2.32,2.26,1990402.12,0.04,1.75,2.318,2.349,2.327,1598695.8,2226187.59,2155548.9,0.83
2016/6/14,2.28,2.29,2.28,2.27,1315940,0,0,2.328,2.348,2.327,1497749,2279949.25,2117608.96,0.55
2016/6/13,2.34,2.35,2.28,2.28,2136957.5,-0.07,-2.98,2.348,2.355,2.327,1764202.7,2682084.35,2109465.48,0.89
2016/6/8,2.36,2.37,2.35,2.34,1221501,-0.01,-0.42,2.374,2.357,2.329,1955008.65,2640494.54,2090530.11,0.51
2016/6/7,2.37,2.38,2.36,2.35,1328678.38,-0.01,-0.42,2.378,2.351,2.327,2314467.35,2620976.32,2101046.4,0.55
2016/6/6,2.38,2.39,2.37,2.36,1485668.12,-0.01,-0.42,2.38,2.344,2.326,2853679.37,2624999.97,2107196.86,0.62
2016/6/3,2.4,2.4,2.38,2.36,2648208.5,-0.03,-1.25,2.368,2.338,2.324,3062149.5,2618544.18,2190129.04,1.1
2016/6/2,2.37,2.42,2.41,2.35,3090987.25,0.04,1.69,2.362,2.33,2.325,3599966,2508163.09,2255554.14,1.29
2016/6/1,2.37,2.41,2.37,2.36,3018794.5,0,0,2.34,2.32,2.326,3325980.43,2442629.49,2193480.37,1.26
2016/5/31,2.32,2.38,2.37,2.31,4024738.5,0.06,2.6,2.324,2.312,2.33,2927485.29,2391012.79,2210786.47,1.67
2016/5/30,2.33,2.35,2.31,2.31,2528018.75,-0.04,-1.7,2.308,2.305,2.333,2396320.56,2084910.21,2119624.08,1.05
2016/5/27,2.29,2.38,2.35,2.28,5337291,0.05,2.17,2.308,2.305,2.337,2174938.86,1955268.66,2044776.86,2.22
2016/5/26,2.29,2.3,2.3,2.26,1721059.38,0.01,0.44,2.298,2.299,2.34,1416360.19,1536846.61,1854728.67,0.72
2016/5/25,2.3,2.31,2.29,2.28,1026318.81,0,0,2.3,2.3,2.346,1559278.56,1540565.68,1825532.08,0.43
2016/5/24,2.31,2.31,2.29,2.28,1368914.88,-0.02,-0.87,2.3,2.303,2.353,1854540.3,1581116.48,1840742.17,0.57
2016/5/23,2.3,2.32,2.31,2.29,1421110.25,0.01,0.43,2.302,2.307,2.361,1773499.86,1589393.76,1904622.73,0.59
2016/5/20,2.29,2.3,2.3,2.27,1544397.62,-0.01,-0.43,2.302,2.309,2.367,1735598.46,1761713.91,1925327.97,0.64
2016/5/19,2.27,2.35,2.31,2.27,2435651.25,0.02,0.87,2.3,2.32,2.372,1657333.04,2002945.19,1944030.37,1.01
2016/5/18,2.29,2.3,2.29,2.24,2502627.5,-0.01,-0.43,2.3,2.332,2.378,1521852.79,1944331.24,2045029.78,1.04
2016/5/17,2.31,2.31,2.3,2.29,963712.69,-0.01,-0.43,2.306,2.348,2.39,1307692.66,2030560.14,1995721.81,0.4
2016/5/16,2.29,2.31,2.31,2.28,1231603.25,0.02,0.87,2.312,2.361,2.401,1405287.65,2154337.95,2052626.48,0.51
2016/5/13,2.29,2.31,2.29,2.28,1153070.5,-0.02,-0.87,2.316,2.369,2.413,1787829.35,2134285.06,2142397.11,0.48
2016/5/12,2.31,2.31,2.31,2.27,1758250,-0.01,-0.43,2.34,2.38,2.427,2348557.35,2172610.73,2228532.55,0.73
2016/5/11,2.34,2.34,2.32,2.32,1431826.88,-0.01,-0.43,2.364,2.391,2.44,2366809.7,2110498.49,2352722,0.6
2016/5/10,2.33,2.34,2.33,2.31,1451687.62,0,0,2.39,2.403,2.451,2753427.62,2100367.87,2376293.56,0.6
2016/5/9,2.39,2.4,2.33,2.31,3144311.75,-0.08,-3.32,2.41,2.415,2.463,2903388.25,2219851.71,2438103.86,1.31
2016/5/6,2.43,2.48,2.41,2.4,3956710.5,-0.02,-0.82,2.422,2.424,2.473,2480740.76,2088942.03,2386493.14,1.65
2016/5/5,2.44,2.44,2.43,2.41,1849511.75,-0.02,-0.82,2.42,2.424,2.48,1996664.11,1885115.54,2322421.8,0.77
2016/5/4,2.42,2.48,2.45,2.41,3364916.5,0.02,0.82,2.418,2.424,2.488,1854187.29,2145728.32,2376618.94,1.4
2016/5/3,2.39,2.44,2.43,2.38,2201490.75,0.04,1.67,2.416,2.431,2.495,1447308.11,1960883.48,2421170.54,0.92
2016/4/29,2.39,2.4,2.39,2.38,1031074.31,-0.01,-0.42,2.42,2.44,2.502,1536315.16,1950915,2430385.78,0.43
2016/4/28,2.41,2.42,2.4,2.38,1536327.25,-0.02,-0.83,2.426,2.456,2.51,1697143.3,2150509.17,2492729.6,0.64
2016/4/27,2.44,2.44,2.42,2.41,1137127.62,-0.02,-0.82,2.428,2.474,2.518,1773566.97,2284454.37,2545233.66,0.47
2016/4/26,2.44,2.45,2.44,2.42,1330520.62,-0.01,-0.41,2.43,2.489,2.523,2437269.35,2594945.51,2625761.98,0.55
2016/4/25,2.41,2.49,2.45,2.39,2646526,0.03,1.24,2.446,2.499,2.529,2474458.85,2652219.25,2732522.29,1.1
2016/4/22,2.4,2.42,2.42,2.38,1835215,0.01,0.41,2.46,2.511,2.537,2365514.85,2656356.02,2882429.49,0.76
2016/4/21,2.42,2.44,2.41,2.41,1918445.62,-0.02,-0.82,2.486,2.522,2.542,2603875.05,2684044.25,2929832.25,0.8
2016/4/20,2.53,2.53,2.43,2.38,4455639.5,-0.09,-3.57,2.52,2.536,2.549,2795341.77,2759728.06,2950292.29,1.85
2016/4/19,2.53,2.54,2.52,2.51,1516468.12,0,0,2.548,2.551,2.556,2752621.67,2607509.56,2890051.72,0.63
2016/4/18,2.54,2.54,2.52,2.51,2101806,-0.03,-1.18,2.552,2.559,2.56,2829979.65,2881457.6,3139549.04,0.87
2016/4/15,2.56,2.57,2.55,2.54,3027016,-0.03,-1.16,2.562,2.563,2.562,2947197.2,2909856.55,3255804.91,1.26
2016/4/14,2.58,2.59,2.58,2.56,2875779.25,0.01,0.39,2.558,2.563,2.561,2764213.45,2834950.03,3248381.03,1.2
2016/4/13,2.55,2.59,2.57,2.54,4242039,0.03,1.18,2.552,2.562,2.556,2724114.35,2806012.95,3181794.51,1.77
2016/4/12,2.56,2.57,2.54,2.53,1903258,-0.03,-1.17,2.554,2.557,2.552,2462397.45,2656578.45,3065421.8,0.79
2016/4/11,2.54,2.58,2.57,2.53,2687893.75,0.04,1.58,2.566,2.559,2.551,2932935.55,2812825.33,3118942.49,1.12
2016/4/8,2.53,2.54,2.53,2.51,2112097.25,-0.02,-0.78,2.564,2.562,2.545,2872515.9,3108502.95,3071808.14,0.88
2016/4/7,2.58,2.59,2.55,2.54,2675283.75,-0.03,-1.16,2.568,2.561,2.542,2905686.6,3175620.25,3049200.78,1.11
2016/4/6,2.58,2.59,2.58,2.56,2933454.5,-0.02,-0.77,2.572,2.562,2.539,2887911.55,3140856.53,3015595.49,1.22
2016/4/5,2.56,2.62,2.6,2.54,4255948.5,0.04,1.56,2.56,2.56,2.537,2850759.45,3172593.88,3018840.26,1.77
2016/4/1,2.55,2.57,2.56,2.52,2385795.5,0.01,0.39,2.552,2.56,2.535,2692715.1,3397640.48,2949800.12,0.99
2016/3/31,2.57,2.58,2.55,2.55,2277950.75,-0.02,-0.78,2.56,2.561,2.534,3344490,3601753.28,3122413.99,0.95
2016/3/30,2.53,2.57,2.57,2.52,2586408.5,0.05,1.98,2.554,2.558,2.533,3445553.9,3661812.03,3206058.26,1.08
2016/3/29,2.56,2.56,2.52,2.5,2747694,-0.04,-1.56,2.552,2.549,2.531,3393801.5,3557576.08,3333324.96,1.14
2016/3/28,2.59,2.61,2.56,2.55,3465726.75,-0.04,-1.54,2.56,2.546,2.527,3494428.3,3474265.15,3355671.03,1.44
2016/3/25,2.51,2.64,2.6,2.51,5644670,0.08,3.17,2.568,2.542,2.517,4102565.85,3425059.65,3359164.72,2.35
2016/3/24,2.56,2.56,2.52,2.52,2783270.25,-0.04,-1.56,2.562,2.527,2.509,3859016.55,3035113.33,3246216.96,1.16
2016/3/23,2.56,2.57,2.56,2.54,2327646.5,0,0,2.562,2.522,2.503,3878070.15,2922781.31,3384558.19,0.97
2016/3/22,2.58,2.59,2.56,2.56,3250828,-0.04,-1.54,2.546,2.515,2.506,3721350.65,2890334.46,3418701.23,1.35
2016/3/21,2.58,2.61,2.6,2.56,6506414.5,0.03,1.17,2.532,2.514,2.508,3454102,2865086.64,3423764.31,2.71
2016/3/18,2.52,2.58,2.57,2.52,4426923.5,0.05,1.98,2.516,2.51,2.51,2747553.45,2501959.76,3315553.06,1.84
2016/3/17,2.49,2.53,2.52,2.48,2878538.25,0.04,1.61,2.492,2.507,2.511,2211210.1,2643074.71,3284222.87,1.2
2016/3/16,2.5,2.51,2.48,2.47,1544049,-0.01,-0.4,2.482,2.507,2.515,1967492.47,2750304.49,3498614.78,0.64
2016/3/15,2.51,2.52,2.49,2.48,1914584.75,-0.03,-1.19,2.484,2.513,2.524,2059318.27,3109073.84,4062982.73,0.8
2016/3/14,2.47,2.54,2.52,2.47,2973671.75,0.07,2.86,2.496,2.508,2.526,2276071.27,3237076.91,4178917.54,1.24
2016/3/11,2.46,2.47,2.45,2.42,1745206.75,-0.02,-0.81,2.504,2.492,2.515,2256366.07,3293269.79,4143504.67,0.73
2016/3/10,2.5,2.52,2.47,2.46,1659950.12,-0.02,-0.8,2.522,2.491,2.507,3074939.32,3457320.59,4156389.74,0.69
2016/3/9,2.5,2.52,2.49,2.48,2003178,-0.06,-2.35,2.532,2.484,2.499,3533116.5,3846335.08,4209272.47,0.83
2016/3/8,2.56,2.56,2.55,2.48,2998349.75,-0.01,-0.39,2.542,2.496,2.489,4158829.4,3947068,4215542.83,1.25
2016/3/7,2.55,2.59,2.56,2.53,2875145.75,0.02,0.79,2.52,2.501,2.476,4198082.55,3982441.98,4189546.53,1.2
2016/3/4,2.51,2.6,2.54,2.5,5838073,0.02,0.79,2.48,2.509,2.46,4330173.5,4129146.35,4176661.85,2.43
2016/3/3,2.52,2.56,2.52,2.51,3950836,-0.02,-0.79,2.46,2.514,2.447,3839701.85,3925371.03,4062762.09,1.64
2016/3/2,2.44,2.55,2.54,2.42,5131742.5,0.1,4.1,2.436,2.523,2.432,4159553.65,4246925.08,4022839.21,2.14
2016/3/1,2.38,2.45,2.44,2.36,3194615.5,0.08,3.39,2.45,2.534,2.42,3735306.6,5016891.63,4003009.51,1.33
2016/2/29,2.43,2.44,2.36,2.3,3535600.5,-0.08,-3.28,2.482,2.543,2.415,3766801.4,5120758.18,4071110.36,1.47
2016/2/26,2.42,2.47,2.44,2.4,3385714.75,0.04,1.67,2.538,2.537,2.426,3928119.2,4993739.55,3992503.28,1.41
2016/2/25,2.6,2.61,2.4,2.36,5550095,-0.21,-8.05,2.568,2.523,2.432,4011040.2,4855458.9,3958208.7,2.31
2016/2/24,2.58,2.62,2.61,2.57,3010507.25,0.01,0.39,2.61,2.514,2.439,4334296.5,4572209.88,3817278.79,1.25
2016/2/23,2.64,2.65,2.6,2.57,3352089.5,-0.04,-1.51,2.618,2.481,2.439,6298476.65,4484017.65,3814849.18,1.4
2016/2/22,2.62,2.65,2.64,2.6,4342189.5,0.05,1.93,2.604,2.45,2.442,6474714.95,4396651.08,3832214.04,1.81
2016/2/19,2.58,2.63,2.59,2.57,3800319.75,-0.02,-0.77,2.536,2.411,2.439,6059359.9,4224177.35,3786377.28,1.58
2016/2/18,2.63,2.69,2.61,2.58,7166376.5,-0.04,-1.51,2.478,2.38,2.44,5699877.6,4200153.15,3832966.56,2.98
2016/2/17,2.64,2.75,2.65,2.59,12831408,0.12,4.74,2.418,2.341,2.446,4810123.25,3798753.35,3670222.33,5.34
2016/2/16,2.36,2.53,2.53,2.35,4233281,0.23,10,2.344,2.306,2.449,2669558.65,2989127.4,3196209.76,1.76
2016/2/15,2.25,2.31,2.3,2.23,2265414.25,0,0,2.296,2.287,2.461,2318587.2,3021462.55,3146241.38,0.94
2016/2/5,2.3,2.31,2.3,2.29,2002908.25,-0.01,-0.43,2.286,2.314,2.483,2388994.8,2991267,3288063.54,0.83
2016/2/4,2.29,2.32,2.31,2.29,2717604.75,0.03,1.32,2.282,2.34,2.51,2700428.7,3060958.5,3485124.55,1.13
2016/2/3,2.27,2.29,2.28,2.25,2128585,-0.01,-0.44,2.264,2.363,2.531,2787383.45,3062347.7,3443485.77,0.89
2016/2/2,2.25,2.31,2.29,2.24,2478423.75,0.04,1.78,2.268,2.397,2.564,3308696.15,3145680.7,3641005.97,1.03
2016/2/1,2.28,2.29,2.25,2.23,2617452.25,-0.03,-1.32,2.278,2.433,2.591,3724337.9,3267777,3822062.68,1.09
2016/1/29,2.2,2.31,2.28,2.2,3560077.75,0.06,2.7,2.342,2.467,2.618,3593539.2,3348577.2,3898413.71,1.48
2016/1/28,2.27,2.31,2.22,2.21,3152378.5,-0.08,-3.48,2.398,2.499,2.652,3421488.3,3465779.98,3860334.54,1.31
2016/1/27,2.37,2.38,2.3,2.2,4735148.5,-0.04,-1.71,2.462,2.551,2.691,3337311.95,3541691.3,3824256.41,1.97
2016/1/26,2.55,2.56,2.34,2.32,4556632.5,-0.23,-8.95,2.526,2.592,2.726,2982665.25,3403292.13,3718809.69,1.9
2016/1/25,2.58,2.6,2.57,2.56,1963458.75,0.01,0.39,2.588,2.634,2.758,2811216.1,3271020.2,3681558.42,0.82
2016/1/22,2.57,2.58,2.56,2.52,2699823.25,0.02,0.79,2.592,2.652,2.781,3103615.2,3584860.08,3707547.89,1.12
2016/1/21,2.59,2.63,2.54,2.53,2731496.75,-0.08,-3.05,2.6,2.68,2.804,3510071.65,3909290.6,3748431.07,1.14
2016/1/20,2.63,2.65,2.62,2.59,2961915,-0.03,-1.13,2.64,2.698,2.829,3746070.65,3824623.84,3854710.06,1.23
2016/1/19,2.58,2.66,2.65,2.56,3699386.75,0.06,2.32,2.658,2.731,2.852,3823919,4136331.24,3973125.51,1.54
2016/1/18,2.54,2.63,2.59,2.53,3425454.25,-0.01,-0.39,2.68,2.749,2.874,3730824.3,4376348.36,4309756.82,1.43
2016/1/15,2.71,2.72,2.6,2.58,4732105.5,-0.14,-5.11,2.712,2.768,2.894,4066104.95,4448250.21,4427322.78,1.97
2016/1/14,2.65,2.74,2.74,2.62,3911491.75,0.03,1.11,2.76,2.805,2.916,4308509.55,4254889.11,4476119.58,1.63
2016/1/13,2.76,2.8,2.71,2.71,3351156.75,-0.05,-1.81,2.756,2.83,2.927,3903177.02,4106821.51,4399921.64,1.39
2016/1/12,2.77,2.79,2.76,2.72,3233913.25,0.01,0.36,2.804,2.859,2.94,4448743.47,4034327.26,4365316.58,1.35
2016/1/11,2.8,2.88,2.75,2.74,5101857.5,-0.09,-3.17,2.818,2.881,2.952,5021872.42,4092096.64,4368195.64,2.12
2016/1/8,2.82,2.88,2.84,2.72,5944128.5,0.12,4.41,2.824,2.909,2.962,4830395.47,3830235.71,4261118.21,2.55
2016/1/7,2.92,2.93,2.72,2.7,1884829.12,-0.23,-7.8,2.85,2.928,2.968,4201268.67,3587571.54,4142068.98,0.81
2016/1/6,2.84,2.96,2.95,2.82,6078989,0.12,4.24,2.904,2.96,2.98,4310466,3884796.28,4173307.61,2.6
2016/1/5,2.7,2.86,2.83,2.68,6099558,0.05,1.8,2.914,2.972,2.98,3619911.05,3809919.78,4053609.78,2.61
2016/1/4,2.97,2.98,2.78,2.77,4144472.75,-0.19,-6.4,2.944,2.998,2.99,3162320.85,4243165.28,3909525.18,1.77
2015/12/31,2.99,3,2.97,2.97,2798494.5,-0.02,-0.67,2.994,3.019,3.002,2830075.95,4406395.35,3933518.26,1.2
2015/12/30,3,3.01,2.99,2.98,2430815.75,-0.01,-0.33,3.006,3.026,3.008,2973874.4,4697350.05,4175679.81,1.04
2015/12/29,2.98,3.02,3,2.97,2626214.25,0.02,0.67,3.016,3.024,3.009,3459126.55,4693021.78,4305211.1,1.12
2015/12/28,3.03,3.05,2.98,2.98,3811607,-0.05,-1.65,3.03,3.021,3.006,3999928.5,4696305.9,4324704.84,1.63
2015/12/25,3.04,3.05,3.03,3,2483248.25,0,0,3.052,3.023,3.003,5324009.7,4644294.65,4398951.39,1.06
2015/12/24,3.04,3.04,3.03,3,3517486.75,-0.01,-0.33,3.044,3.015,2.998,5982714.75,4692000.7,4626621,1.51
2015/12/23,3.07,3.08,3.04,3.03,4857076.5,-0.03,-0.98,3.046,3.008,3.001,6420825.7,4696566.43,4729327.76,2.08
2015/12/22,3.08,3.09,3.07,3.05,5330224,-0.02,-0.65,3.032,2.999,3.006,5926917,4461818.95,4767339.06,2.28
2015/12/21,2.97,3.12,3.09,2.97,10432013,0.1,3.34,3.012,2.988,3.007,5392683.3,4297299.78,4683171.1,4.47
2015/12/18,3.02,3.04,2.99,2.97,5776773.5,-0.05,-1.65,2.994,2.982,3.007,3964579.6,3575885.08,4440839.8,2.47
2015/12/17,2.98,3.04,3.04,2.97,5708041.5,0.07,2.36,2.986,2.985,3.014,3401286.65,3460641.18,4553984.28,2.44
2015/12/16,2.98,2.99,2.97,2.95,2387533,0,0,2.97,2.989,3.02,2972307.15,3654009.58,4785702.9,1.02
2015/12/15,3,3,2.97,2.96,2659055.5,-0.03,-1,2.966,2.993,3.023,2996720.9,3917400.43,4884785.8,1.14
2015/12/14,2.92,3,3,2.92,3291494.5,0.05,1.7,2.964,2.99,3.029,3201916.25,3953103.78,5127187.15,1.41
2015/12/11,2.94,2.96,2.95,2.92,2960308.75,-0.01,-0.34,2.97,2.983,3.032,3187190.55,4153608.13,5159870.13,1.27
2015/12/10,2.98,3.02,2.96,2.95,3563144,0.01,0.34,2.984,2.981,3.038,3519995.7,4561241.3,5242100.76,1.53
2015/12/9,2.94,2.97,2.95,2.93,2509601.75,-0.01,-0.34,3.008,2.993,3.046,4335712,4762089.1,5424901.29,1.07
2015/12/8,3.01,3.02,2.96,2.95,3685032.25,-0.07,-2.31,3.02,3.012,3.056,4838079.95,5072859.18,5671564.78,1.58
2015/12/7,3.02,3.04,3.03,3,3217866,0.01,0.33,3.016,3.025,3.065,4704291.3,5069042.43,5896334.06,1.38
2015/12/4,3.05,3.06,3.02,3.01,4624334.5,-0.06,-1.95,2.996,3.031,3.069,5120025.7,5305794.53,6242162.61,1.98
2015/12/3,3.11,3.15,3.08,3.07,7641725.5,0.07,2.33,2.978,3.043,3.074,5602486.9,5647327.38,6535078.39,3.27
2015/12/2,2.93,3.02,3.01,2.91,5021441.5,0.07,2.38,2.978,3.05,3.073,5188466.2,5917396.23,6769305.31,2.15
2015/12/1,2.93,2.97,2.94,2.9,3016089,0.01,0.34,3.004,3.053,3.072,5307638.4,5852171.18,6825842.81,1.29
2015/11/30,2.94,2.97,2.93,2.86,5296538,0,0,3.034,3.067,3.07,5433793.55,6301270.53,6817054.41,2.27
2015/11/27,3.07,3.08,2.93,2.91,7036640.5,-0.15,-4.87,3.066,3.081,3.068,5491563.35,6166132.13,6806546.64,3.01
2015/11/26,3.12,3.14,3.08,3.07,5571622,-0.06,-1.91,3.108,3.094,3.07,5692167.85,5922960.23,6625149.53,2.39
2015/11/25,3.08,3.15,3.14,3.06,5617302.5,0.05,1.62,3.122,3.098,3.066,6646326.25,6087713.48,6527027.16,2.41
2015/11/24,3.08,3.09,3.09,3.05,3646864.75,0,0,3.102,3.099,3.059,6396703.95,6270270.38,6479949.49,1.56
2015/11/23,3.14,3.15,3.09,3.08,5585387,-0.05,-1.59,3.1,3.104,3.057,7168747.5,6723625.7,6628071.43,2.39
2015/11/20,3.18,3.2,3.14,3.12,8039663,-0.01,-0.32,3.096,3.107,3.056,6840700.9,7178530.7,6745667.18,3.44
2015/11/19,3.05,3.17,3.15,3.04,10342414,0.11,3.62,3.08,3.104,3.054,6153752.6,7422829.4,6869330.68,4.43
2015/11/18,3.08,3.09,3.04,3.03,4369191,-0.04,-1.3,3.074,3.095,3.046,5529100.7,7621214.4,6646322.45,1.87
2015/11/17,3.08,3.14,3.08,3.07,7507082.5,0.01,0.33,3.096,3.091,3.041,6143836.8,7799514.45,6869536.35,3.21
2015/11/16,3.02,3.07,3.07,3.01,3945154,0.01,0.33,3.108,3.072,3.042,6278503.9,7332838.3,6788778.63,1.69
2015/11/13,3.09,3.1,3.06,3.05,4604921.5,-0.06,-1.92,3.118,3.054,3.042,7516360.5,7446961.15,6952296.53,1.97
2015/11/12,3.16,3.17,3.12,3.08,7219154.5,-0.03,-0.95,3.128,3.046,3.042,8691906.2,7327338.83,7071154.58,3.09
2015/11/11,3.13,3.18,3.15,3.11,7442871.5,0.01,0.32,3.116,3.034,3.039,9713328.1,6966340.85,7039809.3,3.19
2015/11/10,3.1,3.16,3.14,3.09,8180418,0.02,0.64,3.086,3.018,3.031,9455192.1,6689628.6,6919174.93,3.5
2015/11/9,3.09,3.16,3.12,3.08,10134437,0.01,0.32,3.036,3.009,3.025,8387172.7,6532517.15,6753994.6,4.34
2015/11/6,3.06,3.13,3.11,3.05,10482650,0.05,1.63,2.99,3.005,3.021,7377561.8,6312803.65,6695131.75,4.49
2015/11/5,3,3.12,3.06,2.99,12326264,0.06,2,2.964,3.004,3.01,5962771.45,6315831.95,6354877.88,5.28
2015/11/4,2.89,3.01,3,2.89,6152191.5,0.12,4.17,2.952,2.996,3.001,4219353.6,5671430.5,5952721.73,2.63
2015/11/3,2.89,2.92,2.89,2.88,2840321,0,0,2.95,2.99,2.991,3924065.1,5939558.25,5667051.71,1.22
2015/11/2,2.94,2.97,2.89,2.89,5086382.5,-0.09,-3.02,2.982,3.011,2.986,4677861.6,6244718.95,5659947.27,2.18
2015/10/30,3,3.01,2.98,2.96,3408698.25,-0.02,-0.67,3.02,3.03,2.981,5248045.5,6457631.9,5583448.08,1.46
2015/10/29,3,3.03,3,2.98,3609174.75,0.01,0.33,3.044,3.038,2.975,6668892.45,6814970.33,5514996.9,1.55
2015/10/28,3.05,3.05,2.99,2.98,4675749,-0.06,-1.97,3.04,3.044,2.967,7123507.4,7113277.75,5506495.43,2
2015/10/27,3.06,3.07,3.05,2.97,6609303.5,-0.03,-0.97,3.03,3.044,2.964,7955051.4,7148721.25,5391481.99,2.83
2015/10/26,3.1,3.13,3.08,3.06,7937302,-0.02,-0.65,3.04,3.04,2.956,7811576.3,6975472.05,5250998.36,3.4
2015/10/23,3,3.13,3.1,2.98,10512933,0.12,4.03,3.04,3.036,2.95,7667218.3,7077459.85,5081996.31,4.5
2015/10/22,2.93,3,2.98,2.92,5882249.5,0.04,1.36,3.032,3.016,2.944,6961048.2,6393923.8,4730089.19,2.52
2015/10/21,3.09,3.09,2.94,2.93,8833469,-0.16,-5.16,3.048,3.006,2.941,7103048.1,6234012.95,4595822.4,3.78
2015/10/20,3.06,3.1,3.1,3.04,5891928,0.02,0.65,3.058,2.992,2.939,6342391.1,5394545.17,4452666.95,2.52
2015/10/19,3.07,3.13,3.08,3.05,7215512,0.02,0.65,3.04,2.961,2.935,6139367.8,5075175.59,4482532.8,3.09
2015/10/16,3.05,3.08,3.06,3.02,6982082.5,0,0,3.032,2.932,2.921,6487701.4,4709264.27,4378521.63,2.99
2015/10/15,2.98,3.06,3.06,2.97,6592249,0.07,2.34,3,2.912,2.914,5826799.4,4215023.48,4342220.78,2.82
2015/10/14,3,3.05,2.99,2.98,5030184,-0.02,-0.66,2.964,2.89,2.918,5364977.8,3899713.1,4175755.53,2.15
2015/10/13,3.01,3.03,3.01,2.99,4876811.5,-0.03,-0.99,2.926,2.883,2.925,4446699.23,3634242.73,4157273.08,2.09
2015/10/12,2.91,3.08,3.04,2.9,8957180,0.14,4.83,2.882,2.871,2.937,4010983.38,3526524.68,4322852.23,3.84
2015/10/9,2.88,2.91,2.9,2.86,3677572.5,0.02,0.69,2.832,2.864,2.943,2930827.13,3086532.78,4128778.88,1.57
2015/10/8,2.88,2.91,2.88,2.85,4283141,0.09,3.23,2.824,2.871,2.955,2603247.56,3066254.58,4216271.25,1.83
2015/10/7,2.8,2.81,2.8,2.76,438791.16,0.01,0.36,2.816,2.875,2.968,2434448.41,2957631.85,4392539.88,0.19
2015/9/30,2.79,2.81,2.79,2.77,2698232.25,0,0,2.84,2.886,2.986,2821786.22,3510788.74,4914740.37,1.16
2015/9/29,2.82,2.83,2.79,2.75,3556398.75,-0.07,-2.45,2.86,2.908,3,3042065.97,3889890.01,5129506.58,1.52
2015/9/28,2.84,2.87,2.86,2.82,2039674.62,0.02,0.7,2.896,2.909,3.02,3242238.42,4047778.99,5431258.54,0.87
2015/9/25,2.91,2.93,2.84,2.82,3439145.25,-0.08,-2.74,2.918,2.916,3.028,3529261.6,4469418.08,5699094.19,1.47
2015/9/24,2.91,2.94,2.92,2.9,2375480.25,0.03,1.04,2.934,2.945,3.03,3480815.3,4451797.95,6017500.93,1.02
2015/9/23,2.92,2.94,2.89,2.88,3799631,-0.08,-2.69,2.932,2.967,3.032,4199791.25,4680303.43,6290795.44,1.63
2015/9/22,2.96,3,2.97,2.94,4557261,0,0,2.956,3.002,3.052,4737714.05,5119179.78,6558431.74,1.95
2015/9/21,2.9,2.98,2.97,2.87,3474790.5,0.05,1.71,2.922,3.022,3.087,4853319.55,5171024.97,6759740.24,1.49
2015/9/18,2.92,2.95,2.92,2.89,3196913.75,0.01,0.34,2.914,3.038,3.132,5409574.55,5366287.93,7101032.61,1.37
2015/9/17,2.95,3.02,2.91,2.9,5970360,-0.1,-3.32,2.956,3.06,3.182,5422780.6,5827447.9,7444116.03,2.56
2015/9/16,2.82,3.06,3.01,2.78,6489245,0.21,7.5,3.002,3.085,3.226,5160815.6,6318692,7798341.43,2.78
2015/9/15,2.88,2.93,2.8,2.78,5135288.5,-0.13,-4.44,3.048,3.091,3.283,5500645.5,6369123.15,8163830.83,2.2
2015/9/14,3.14,3.16,2.93,2.88,6256065.5,-0.2,-6.39,3.122,3.13,3.341,5488730.4,6814738.1,8350361.5,2.68
2015/9/11,3.15,3.18,3.13,3.1,3262944,-0.01,-0.32,3.162,3.139,3.392,5323001.3,6928770.3,8436628.4,1.4
2015/9/10,3.19,3.2,3.14,3.13,4660535,-0.1,-3.09,3.164,3.115,3.429,6232115.2,7583203.9,8667669.2,2
2015/9/9,3.19,3.26,3.24,3.15,8188394.5,0.07,2.21,3.168,3.097,3.469,7476568.4,7901287.45,9025342.15,3.51
2015/9/8,3.1,3.18,3.17,3.02,5075713,0.04,1.28,3.134,3.102,3.503,7237600.8,7997683.7,9138812.38,2.17
2015/9/7,3.14,3.27,3.13,3.11,5427420,-0.01,-0.32,3.138,3.151,3.533,8140745.8,8348455.5,9228898.32,2.32
2015/9/2,3.01,3.16,3.14,2.98,7808513.5,-0.02,-0.63,3.116,3.225,3.558,8534539.3,8835777.3,9156127.26,3.34
2015/9/1,3.06,3.2,3.16,2.88,10882801,0.09,2.93,3.066,3.304,3.586,8934292.6,9060784.15,9056765.34,4.66
2015/8/31,3.15,3.15,3.07,3.02,6993556.5,-0.12,-3.76,3.026,3.367,3.618,8326006.5,9277990.85,8885141.64,2.99
2015/8/28,3.05,3.21,3.19,3.02,9591438,0.17,5.63,3.07,3.474,3.647,8757766.6,9958538.5,8862252.51,4.11
2015/8/27,2.96,3.02,3.02,2.85,7396387.5,0.13,4.5,3.164,3.551,3.672,8556165.2,9885984.9,8712222.89,3.17
2015/8/26,3,3.09,2.89,2.8,9807280,-0.07,-2.37,3.334,3.645,3.707,9137015.3,9944486.5,8739045.81,4.2
2015/8/25,2.98,3.12,2.96,2.96,7841370.5,-0.33,-10.03,3.542,3.742,3.757,9187275.7,9752134.5,8657633.61,3.36
2015/8/24,3.52,3.56,3.29,3.29,9152357,-0.37,-10.11,3.708,3.841,3.793,10229975.2,10149396.85,8858719.44,3.92
2015/8/21,3.78,3.84,3.66,3.63,8583431,-0.21,-5.43,3.878,3.903,3.818,11159310.4,10279941.05,9040160.79,3.68
2015/8/20,4.08,4.1,3.87,3.85,10300638,-0.06,-1.53,3.938,3.914,3.845,11215804.6,10109341.15,9261470.24,4.41
2015/8/19,3.7,3.97,3.93,3.61,10058582,0.14,3.69,3.956,3.891,3.867,10751957.7,9476477.23,9386075.04,4.31
2015/8/18,4.14,4.15,3.79,3.73,13054868,-0.35,-8.45,3.942,3.867,3.881,10316993.3,9052746.53,9337331.14,5.59
2015/8/17,3.94,4.15,4.14,3.89,13799033,0.18,4.54,3.974,3.869,3.905,10068818.5,8492292.43,9123426.39,5.91
2015/8/14,3.96,4.03,3.96,3.94,8865902,0,0,3.928,3.819,3.913,9400571.7,7765966.53,9085284.04,3.8
2015/8/13,3.85,3.98,3.96,3.83,7981403.5,0.1,2.59,3.89,3.793,3.931,9002877.7,7538460.88,9362925.19,3.42
2015/8/12,3.88,3.98,3.86,3.85,7883760,-0.09,-2.28,3.826,3.768,3.937,8200996.75,7533605.13,9582207.86,3.38
2015/8/11,3.91,4.02,3.95,3.86,11813994,0.04,1.02,3.792,3.771,3.945,7788499.75,7563132.73,10224284.36,5.06
2015/8/10,3.77,3.95,3.91,3.77,10457799,0.14,3.71,3.764,3.745,3.968,6915766.35,7568042.03,9755777.91,4.48
2015/8/7,3.67,3.79,3.77,3.67,6877432,0.13,3.57,3.71,3.732,3.972,6131361.35,7800380.53,9316602.8,2.94
2015/8/6,3.62,3.69,3.64,3.61,3971998.75,-0.05,-1.35,3.696,3.775,3.966,6074044.05,8413599.32,10012225.9,1.7
2015/8/5,3.79,3.8,3.69,3.68,5821275,-0.12,-3.15,3.71,3.843,3.986,6866213.5,9295672.85,10810573.26,2.49
2015/8/4,3.63,3.85,3.81,3.63,7450327,0.17,4.67,3.75,3.895,4.004,7337765.7,9621915.75,11450332.21,3.19
2015/8/3,3.65,3.68,3.64,3.49,6535774,-0.06,-1.62,3.726,3.94,4.039,8220317.7,9754560.35,12004672.06,2.8
2015/7/31,3.63,3.76,3.7,3.6,6590845.5,-0.01,-0.27,3.754,4.006,4.103,9469399.7,10404601.55,12595045.16,2.82
2015/7/30,3.84,3.89,3.71,3.69,7932846,-0.18,-4.63,3.854,4.068,4.178,10753154.6,11187389.5,13386795.79,3.4
2015/7/29,3.72,3.89,3.89,3.67,8179036,0.2,5.42,3.976,4.106,4.233,11725132.2,11630810.6,14131080.79,3.5
2015/7/28,3.58,3.8,3.69,3.47,11863087,-0.09,-2.38,4.04,4.119,4.287,11906065.8,12885436,14905869.69,5.08
2015/7/27,4.09,4.15,3.78,3.78,12781184,-0.42,-10,4.154,4.19,4.375,11288803,11943513.8,15745620.84,5.47
2015/7/24,4.29,4.32,4.2,4.17,13009620,-0.12,-2.78,4.258,4.212,4.473,11339803.4,10832825.08,17030149.04,5.57
2015/7/23,4.2,4.35,4.32,4.16,12792734,0.11,2.61,4.282,4.156,4.528,11621624.4,11610852.48,17332545.54,5.48
2015/7/22,4.24,4.28,4.21,4.13,9083704,-0.05,-1.17,4.236,4.128,4.57,11536489,12325473.68,18093392.84,3.89
2015/7/21,4.2,4.34,4.26,4.16,8776773,-0.04,-0.93,4.198,4.113,4.617,13864806.2,13278748.68,18349453.59,3.76
2015/7/20,4.33,4.41,4.3,4.23,13036186,-0.02,-0.46,4.226,4.138,4.659,12598224.6,14254783.78,18847538.44,5.58
2015/7/17,4.11,4.4,4.32,4.1,14418725,0.23,5.62,4.166,4.2,4.711,10325846.75,14785488.78,19415224.04,6.17
2015/7/16,4,4.2,4.09,3.82,12367057,0.07,1.74,4.03,4.287,4.758,11600080.55,15586202.08,19620535.19,5.3
2015/7/15,4.75,4.75,4.02,4,20725290,-0.38,-8.64,4.02,4.359,4.813,13114458.35,16631350.98,19659436.04,8.87
2015/7/14,4.4,4.4,4.4,4.4,2443865,0.4,10,4.028,4.454,4.875,12692691.15,16926303.38,19470861.04,1.05
2015/7/13,4,4,4,4,1674296.75,0.36,9.89,4.05,4.56,4.918,15911342.95,19547727.88,20236784.89,0.72
2015/7/7,3.94,3.94,3.64,3.64,20789894,-0.4,-9.9,4.234,4.734,4.979,19245130.8,23227473,21231461.55,8.9
2015/7/6,4.46,4.46,4.04,3.8,19938946,-0.02,-0.49,4.544,4.9,5.054,19572323.6,23054238.6,21096223.65,8.54
2015/7/3,4.3,4.49,4.06,4.06,18616454,-0.45,-9.98,4.698,5.012,5.107,20148243.6,23861312,21107225.35,7.97
2015/7/2,5,5.04,4.51,4.45,18537124,-0.41,-8.33,4.88,5.12,5.165,21159915.6,23420158.5,21173680.35,7.94
2015/7/1,5.18,5.27,4.92,4.89,18343236,-0.27,-5.2,5.07,5.179,5.21,23184112.8,23440293.1,21406458.65,7.85
2015/6/30,4.88,5.2,5.19,4.68,22425858,0.38,7.9,5.234,5.222,5.233,27209815.2,24044959.3,21891528.65,9.6
2015/6/29,5.18,5.18,4.81,4.48,22818546,-0.16,-3.22,5.256,5.229,5.226,26536153.6,23654868.3,22462385.15,9.77
2015/6/26,5.3,5.35,4.97,4.91,23674814,-0.49,-8.97,5.326,5.267,5.243,27574380.4,22687521.1,23889191.05,10.14
2015/6/25,5.65,5.74,5.46,5.32,28658110,-0.28,-4.88,5.36,5.295,5.242,25680401.4,22015418.7,24044611.45,12.27
2015/6/24,5.3,5.82,5.74,5.22,38471748,0.44,8.3,5.288,5.275,5.212,23696473.4,20925841.9,24030260.05,16.47
2015/6/23,5.18,5.35,5.3,4.8,19057550,0.14,2.71,5.21,5.224,5.161,20880103.4,19235450.1,23162777.25,8.16
2015/6/19,5.1,5.64,5.16,4.9,28009680,0.02,0.39,5.202,5.207,5.128,20773583,19138208.7,23340442.55,11.99
2015/6/17,5.07,5.15,5.14,4.9,14204919,0.04,0.78,5.208,5.201,5.086,17800661.8,18353138.7,22402725.85,6.08
2015/6/16,5.28,5.33,5.1,5.05,18738470,-0.25,-4.67,5.23,5.21,5.044,18350436,18927202.2,22232193.65,8.02
2015/6/15,5.25,5.45,5.35,5.23,24389898,0.09,1.71,5.262,5.24,5.003,18155210.4,19372624.2,21666670.48,10.44
2015/6/12,5.19,5.33,5.26,5.17,18524948,0.07,1.35,5.238,5.244,4.946,17590796.8,19738098,20788962.6,7.93
2015/6/11,5.2,5.26,5.19,5.15,13145074,-0.06,-1.14,5.212,5.222,4.896,17502834.4,21269902,20359617.55,5.63
2015/6/10,5.18,5.35,5.25,5.12,16953790,-0.01,-0.19,5.194,5.219,4.858,18905615.6,25090861,20411909.2,7.26
2015/6/9,5.21,5.35,5.26,5.16,17762342,0.03,0.57,5.19,5.188,4.81,19503968.4,26073804.2,20093687.25,7.61
2015/6/8,5.14,5.3,5.23,5.01,21567830,0.1,1.95,5.218,5.149,4.767,20590038,27134678.2,19702730.1,9.24
2015/6/5,5.15,5.22,5.13,5.02,18085136,0.03,0.59,5.25,5.098,4.725,21885399.2,27090104.4,19166916.95,7.74
2015/6/4,5.22,5.22,5.1,4.8,20158980,-0.13,-2.49,5.232,5.048,4.683,25036969.6,27542676.4,18752734.3,8.63
2015/6/3,5.43,5.46,5.23,5.12,19945554,-0.17,-3.15,5.244,4.97,4.634,31276106.4,26452313,18346863.55,8.54
2015/6/2,5.39,5.47,5.4,5.28,23192690,0.01,0.19,5.186,4.877,4.594,32643640,25537185.1,18063379.75,9.93
2015/6/1,5.05,5.44,5.39,5.05,28044636,0.35,6.94,5.08,4.766,4.554,33679318.4,23960716.75,17966542.65,12.01
2015/5/29,5.21,5.33,5.04,4.87,33842988,-0.12,-2.33,4.946,4.648,4.52,32294809.6,21839827.2,17617862.85,14.49
2015/5/28,4.95,5.43,5.16,4.89,51354664,0.22,4.45,4.864,4.57,4.494,30048383.2,19449333.1,16431211.75,21.99
2015/5/27,4.87,4.98,4.94,4.82,26783222,0.07,1.44,4.696,4.497,4.465,21628519.6,15732957.4,14529329.8,11.47
2015/5/26,4.75,4.92,4.87,4.61,28371082,0.15,3.18,4.568,4.432,4.444,18430730.2,14113570.3,14027460.65,12.15
2015/5/25,4.65,4.8,4.72,4.6,21122092,0.09,1.94,4.452,4.384,4.435,14242115.1,12270782,13653197.35,9.04
2015/5/22,4.35,4.7,4.63,4.34,22610856,0.31,7.18,4.35,4.352,4.43,11384844.8,11243729.5,13760830.65,9.68
2015/5/21,4.31,4.32,4.32,4.25,9255346,0.02,0.47,4.276,4.317,4.436,8850283,9962792.2,14120004.75,3.96
2015/5/20,4.3,4.37,4.3,4.26,10794275,0.01,0.23,4.298,4.298,4.461,9837395.2,10241414.1,14981768.25,4.62
2015/5/19,4.2,4.31,4.29,4.18,7428006.5,0.08,1.9,4.296,4.311,4.488,9796410.4,10589574.4,15406764.7,3.18
2015/5/18,4.22,4.28,4.21,4.17,6835740.5,-0.05,-1.17,4.316,4.341,4.505,10299448.9,11972368.55,16204454.38,2.93
2015/5/15,4.39,4.4,4.26,4.25,9938047,-0.17,-3.84,4.354,4.392,4.518,11102614.2,13395898.5,16917626.05,4.26
2015/5/14,4.28,4.5,4.43,4.25,14190907,0.14,3.26,4.358,4.418,4.53,11075301.4,13413090.4,16996414.25,6.08
2015/5/13,4.37,4.37,4.29,4.27,10589351,-0.1,-2.28,4.298,4.433,4.529,10645433,13325702.2,17462997.9,4.53
2015/5/12,4.4,4.41,4.39,4.33,9943199,-0.01,-0.23,4.326,4.456,4.56,11382738.4,13941351,17628217.2,4.26
2015/5/11,4.34,4.42,4.4,4.25,10851567,0.12,2.8,4.366,4.486,4.573,13645288.2,15035612.7,17694440.3,4.65
2015/5/8,4.19,4.28,4.28,4.16,9801483,0.15,3.63,4.43,4.507,4.565,15689182.8,16277931.8,17509877,4.2
2015/5/7,4.35,4.4,4.13,4.11,12041565,-0.3,-6.77,4.478,4.555,4.556,15750879.4,18277217.3,17347173.8,5.16
2015/5/6,4.57,4.65,4.43,4.31,14275878,-0.16,-3.49,4.568,4.624,4.56,16005971.4,19722122.4,17163274.98,6.11
2015/5/5,4.75,4.86,4.59,4.56,21255948,-0.13,-2.75,4.586,4.664,4.553,16499963.6,20223955,16922321.88,9.1
2015/5/4,4.55,4.74,4.72,4.51,21071040,0.2,4.42,4.606,4.668,4.531,16425937.2,20436540.2,16193712,9.02
2015/4/30,4.55,4.61,4.52,4.52,10109966,-0.06,-1.31,4.584,4.643,4.502,16866680.8,20439353.6,15649806.15,4.33
2015/4/29,4.49,4.64,4.58,4.45,13317025,0.06,1.33,4.632,4.641,4.481,20803555.2,20579738.1,15469879.28,5.7
2015/4/28,4.69,4.7,4.52,4.49,16745839,-0.17,-3.62,4.68,4.625,4.454,23438273.4,21600293.6,15085986.55,7.17
2015/4/27,4.64,4.74,4.69,4.57,20885816,0.08,1.74,4.742,4.663,4.433,23947946.4,21315083.4,14642871.95,8.94
2015/4/24,4.7,4.72,4.61,4.5,23274758,-0.15,-3.15,4.73,4.66,4.4,24447143.2,20353267.9,13838126.85,9.97
2015/4/23,4.88,4.9,4.76,4.68,29794338,-0.06,-1.25,4.702,4.623,4.37,24012026.4,18741822.2,13045931.3,12.76
2015/4/22,4.83,4.98,4.82,4.8,26490616,-0.01,-0.21,4.65,4.557,4.339,20355921,16417130.3,11993284.4,11.34
2015/4/21,4.64,4.88,4.83,4.54,19294204,0.2,4.32,4.57,4.496,4.31,19762313.8,14604427.55,11347118.2,8.26
2015/4/20,4.5,4.72,4.63,4.4,23381800,0.16,3.58,4.584,4.442,4.27,18682220.4,13620688.75,10870404.5,10.01
2015/4/17,4.54,4.57,4.47,4.42,21099174,-0.03,-0.67,4.59,4.394,4.236,16259392.6,11950883.8,10272669.35,9.03
2015/4/16,4.33,4.59,4.5,4.2,11513811,0.08,1.81,4.544,4.361,4.204,13471618,10860258.7,9910272.4,4.93
2015/4/15,4.89,4.89,4.42,4.41,23522580,-0.48,-9.8,4.464,4.321,4.173,12478339.6,10360020.45,10367900.15,10.07
2015/4/14,4.75,5.11,4.9,4.66,13893737,0.24,5.15,4.422,4.282,4.129,9446541.3,8571679.5,9795899.15,12.08
2015/4/13,4.25,4.66,4.66,4.21,11267661,0.42,9.91,4.3,4.202,4.045,8559157.1,7970660.5,9327215.05,9.79
2015/4/10,4.16,4.3,4.24,4.16,7160301,0.14,3.42,4.198,4.14,3.969,7642375,7322985.8,8884768.49,6.22
2015/4/9,4.21,4.21,4.1,4.03,6547419,-0.11,-2.61,4.178,4.117,3.914,8248899.4,7350040.4,8644173.99,5.69
2015/4/8,4.31,4.35,4.21,4.1,8363588.5,-0.08,-1.86,4.178,4.12,3.865,8241701.3,7569438.5,8447791.06,7.27
2015/4/7,4.17,4.34,4.29,4.15,9456816,0.14,3.37,4.142,4.123,3.813,7696817.7,8089808.85,8160510.63,8.22
2015/4/3,4.13,4.18,4.15,4.11,6683750.5,0.01,0.24,4.104,4.098,3.756,7382163.9,8120120.25,7813691.14,5.81
2015/4/2,4.1,4.25,4.14,4.07,10192923,0.04,0.98,4.082,4.077,3.706,7003596.6,8594454.9,7606904.94,8.86
2015/4/1,4.01,4.15,4.1,4,6511428.5,0.07,1.74,4.056,4.046,3.66,6451181.4,8960286.1,7275123.14,5.66
2015/3/31,4.12,4.13,4.03,4.01,5639170.5,-0.07,-1.71,4.062,4.025,3.618,6897175.7,10375779.85,7244348.31,4.9
2015/3/30,4.06,4.15,4.1,4.02,7883547,0.06,1.49,4.104,3.976,3.571,8482800,11020118.8,7128063.76,6.85
2015/3/27,4.01,4.07,4.04,3.97,4790914,0.03,0.75,4.092,3.888,3.525,8858076.6,10683769.6,6921082.5,4.16
2015/3/26,4.11,4.11,4.01,4,7430847,-0.12,-2.91,4.072,3.798,3.481,10185313.2,10446551.18,6887446.16,6.46
2015/3/25,4.21,4.21,4.13,4.11,8741400,-0.11,-2.59,4.036,3.71,3.435,11469390.8,9938307.57,6637531.45,7.6
2015/3/24,4.04,4.35,4.24,3.95,13567292,0.2,4.95,3.988,3.609,3.382,13854384,9326143.63,6284236.16,11.79
2015/3/23,4.02,4.09,4.04,3.95,9759930,0.1,2.54,3.848,3.502,3.326,13557437.6,8231212.4,5609021.23,8.48
2015/3/20,3.83,4.12,3.94,3.82,11427097,0.11,2.87,3.684,3.414,3.278,12509462.6,7507262.03,5208536.78,9.93
2015/3/19,3.89,3.96,3.83,3.79,13851235,-0.06,-1.54,3.524,3.335,3.236,10707789.15,6619354.98,4771310.03,12.04
2015/3/18,3.64,3.89,3.89,3.58,20666366,0.35,9.89,3.384,3.273,3.196,8407224.35,5589960.18,4222967.16,17.96
2015/3/17,3.22,3.54,3.54,3.22,12082560,0.32,9.94,3.23,3.21,3.154,4797903.25,4112916.78,3371384.97,10.5
2015/3/16,3.15,3.23,3.22,3.14,4520055,0.08,2.55,3.156,3.166,3.127,2904987.2,3236008.73,3005395.27,3.93
2015/3/13,3.13,3.15,3.14,3.12,2418729.75,0.01,0.32,3.144,3.162,3.109,2505061.45,3158395.4,2910935.98,2.1
2015/3/12,3.14,3.15,3.13,3.1,2348411,0.01,0.32,3.146,3.164,3.092,2530920.8,3328341.15,2950482.23,2.04
2015/3/11,3.16,3.18,3.12,3.11,2619760.5,-0.05,-1.58,3.162,3.16,3.079,2772696,3336755.33,2992284.89,2.28
2015/3/10,3.15,3.22,3.17,3.13,2617979.75,0.01,0.32,3.19,3.154,3.073,3427930.3,3242328.7,2979501.72,2.28
2015/3/9,3.14,3.18,3.16,3.07,2520426.25,0.01,0.32,3.176,3.149,3.067,3567030.25,2986830.06,2947423.1,2.19
2015/3/6,3.2,3.24,3.15,3.15,2548026.5,-0.06,-1.87,3.18,3.142,3.063,3811729.35,2909811.54,2901767.2,2.21
2015/3/5,3.25,3.26,3.21,3.18,3557287,-0.05,-1.53,3.182,3.136,3.058,4125761.5,2923265.09,2876818.88,3.09
2015/3/4,3.09,3.28,3.26,3.08,5895932,0.16,5.16,3.158,3.119,3.053,3900814.65,2855974.14,2813802.18,5.12
2015/3/3,3.16,3.16,3.1,3.09,3313479.5,-0.08,-2.52,3.118,3.097,3.046,3056727.1,2629853.16,2629845.54,2.88
2015/3/2,3.16,3.18,3.18,3.13,3743921.75,0.02,0.63,3.122,3.088,3.049,2406629.87,2774781.81,2563418.48,3.25
2015/2/27,3.08,3.18,3.16,3.06,4118187.25,0.07,2.27,3.104,3.056,3.05,2007893.72,2663476.56,2526408.11,3.58
2015/2/26,3.06,3.09,3.09,3.01,2432552.75,0.03,0.98,3.09,3.02,3.052,1720768.67,2572623.31,2427793.43,2.11
2015/2/25,3.09,3.11,3.06,3.04,1675494.25,-0.03,-0.97,3.08,2.998,3.055,1811133.62,2647814.46,2418301.46,1.46
2015/2/24,3.1,3.13,3.12,3.1,62993.37,0.03,0.97,3.076,2.992,3.061,2202979.22,2716674.74,2456400.27,0.05
2015/2/17,3.09,3.13,3.09,3.08,1750241,0,0,3.054,2.985,3.065,3142933.75,2908016.14,2602825.36,1.52
2015/2/16,3.04,3.1,3.09,3.03,2682562,0.05,1.65,3.008,2.984,3.065,3319059.4,2893722.86,2667300.96,2.33
2015/2/13,3.04,3.06,3.04,3,2884377.5,0,0,2.95,2.979,3.061,3424477.95,2830372.66,2747602.26,2.51
2015/2/12,2.98,3.07,3.04,2.97,3634722.25,0.03,1,2.916,2.986,3.074,3484495.3,2771630.21,2727530.74,3.16
2015/2/11,2.87,3.02,3.01,2.85,4762766,0.15,5.25,2.908,2.995,3.085,3230370.25,2629837.91,2654210.21,4.14
2015/2/10,2.81,2.87,2.86,2.78,2630869.25,0.06,2.14,2.916,3.01,3.094,2673098.53,2352055.15,2532437.75,2.29
2015/2/9,2.87,2.88,2.8,2.79,3209654.75,-0.07,-2.44,2.96,3.044,3.114,2468386.33,2389339.65,2518117.94,2.79
2015/2/6,2.99,3,2.87,2.84,3184464.25,-0.13,-4.33,3.008,3.083,3.135,2236267.38,2282963.55,2540851.28,2.77
2015/2/5,3.09,3.09,3,2.99,2364097,-0.05,-1.64,3.056,3.111,3.158,2058765.13,2188788.45,2592989.36,2.05
2015/2/4,3.08,3.09,3.05,3.04,1976407.38,-0.03,-0.97,3.082,3.13,3.179,2029305.58,2196125.8,2657988.29,1.72
2015/2/3,3.05,3.09,3.08,3.04,1607308.25,0.04,1.32,3.104,3.144,3.2,2031011.78,2297634.59,2729243.31,1.4
2015/2/2,3.06,3.08,3.04,3.03,2049060,-0.07,-2.25,3.128,3.146,3.221,2310292.98,2440879.06,2907157.27,1.78
2015/1/30,3.13,3.19,3.11,3.11,2296953,-0.02,-0.64,3.158,3.143,3.242,2329659.73,2664831.86,3079164.67,2
2015/1/29,3.11,3.15,3.13,3.07,2216799.25,-0.03,-0.95,3.166,3.161,3.254,2318811.78,2683431.26,3117678.08,1.93
2015/1/28,3.19,3.19,3.16,3.14,1984938.38,-0.04,-1.25,3.178,3.174,3.263,2362946.03,2678582.51,3170729.67,1.73
2015/1/27,3.18,3.23,3.2,3.14,3003714.25,0.01,0.31,3.184,3.177,3.273,2564257.4,2712820.35,3310303.38,2.61
2015/1/26,3.14,3.19,3.19,3.12,2145893.75,0.04,1.27,3.164,3.184,3.283,2571465.15,2646896.23,3379551.91,1.87
2015/1/23,3.19,3.21,3.15,3.13,2242713.25,-0.04,-1.25,3.128,3.187,3.289,3000004,2798739,3442960.98,1.95
2015/1/22,3.18,3.21,3.19,3.14,2437470.5,0,0,3.156,3.205,3.293,3048050.75,2997190.28,3550434.29,2.12
2015/1/21,3.1,3.19,3.19,3.08,2991495.25,0.09,2.9,3.17,3.227,3.301,2994219,3119850.78,3768668.01,2.6
2015/1/20,3.04,3.11,3.1,3.03,3039753,0.09,2.99,3.17,3.256,3.308,2861383.3,3160852.03,3978695.6,2.64
2015/1/19,3.16,3.21,3.01,2.96,4288588,-0.28,-8.51,3.204,3.295,3.312,2722327.3,3373435.48,4030957.71,3.73
2015/1/16,3.26,3.32,3.29,3.25,2482947,0.03,0.92,3.246,3.34,3.321,2597474,3493497.48,3968907.25,2.16
2015/1/15,3.19,3.26,3.26,3.16,2168311.75,0.07,2.19,3.254,3.347,3.315,2946329.8,3551924.9,4060638.68,1.88
2015/1/14,3.26,3.31,3.19,3.18,2327316.75,-0.08,-2.45,3.284,3.351,3.313,3245482.55,3662876.83,4239133.59,2.02
2015/1/13,3.21,3.32,3.27,3.2,2344473,0.05,1.55,3.342,3.369,3.309,3460320.75,3907786.4,4280695.94,2.04
2015/1/12,3.31,3.31,3.22,3.2,3664321.5,-0.11,-3.3,3.386,3.382,3.301,4024543.65,4112207.6,4342704.41,3.18
2015/1/9,3.41,3.44,3.33,3.33,4227226,-0.08,-2.35,3.434,3.391,3.295,4389520.95,4087182.95,4465245.01,3.67
2015/1/8,3.47,3.54,3.41,3.4,3664075.5,-0.07,-2.01,3.44,3.381,3.286,4157520,4103678.3,4576211.74,3.18
2015/1/7,3.47,3.52,3.48,3.42,3401507.75,-0.01,-0.29,3.418,3.374,3.267,4080271.1,4417485.25,4899649.01,2.96
2015/1/6,3.41,3.58,3.49,3.4,5165587.5,0.03,0.87,3.396,3.36,3.26,4355252.05,4796539.18,5156735.93,4.49
2015/1/5,3.38,3.47,3.46,3.38,5489208,0.1,2.98,3.378,3.329,3.242,4199871.55,4688479.95,5424753.65,4.77
2014/12/31,3.29,3.38,3.36,3.27,3067221.25,0.06,1.82,3.348,3.302,3.219,3784844.95,4444317.03,5462027,2.67
2014/12/30,3.37,3.37,3.3,3.28,3277831,-0.07,-2.08,3.322,3.282,3.196,4049836.6,4569352.45,5728244.14,2.85
2014/12/29,3.46,3.55,3.37,3.33,4776412.5,-0.03,-0.88,3.33,3.275,3.169,4754699.4,4815390.35,5783492.49,4.15
2014/12/26,3.32,3.4,3.4,3.31,4388685,0.09,2.72,3.324,3.249,3.138,5237826.3,4653605.47,5814254.89,3.81
2014/12/25,3.24,3.32,3.31,3.21,3414075,0.08,2.48,3.28,3.219,3.104,5177088.35,4573201.22,5809576.86,2.97
2014/12/24,3.32,3.35,3.23,3.21,4392179.5,-0.11,-3.29,3.256,3.199,3.072,5103789.1,4843307.08,5810766.24,3.82
2014/12/23,3.35,3.49,3.34,3.23,6802145,0,0,3.242,3.19,3.043,5088868.3,5048745.18,5705356.63,5.91
2014/12/22,3.21,3.37,3.34,3.2,7192047,0.16,5.03,3.22,3.16,3.009,4876081.3,5381812.78,5495962.63,6.25
2014/12/19,3.18,3.21,3.18,3.08,4084995.25,-0.01,-0.31,3.174,3.16,2.973,4069384.65,5516932.68,5268121.05,3.55
2014/12/18,3.14,3.19,3.19,3.13,3047578.75,0.03,0.95,3.158,3.155,2.944,3969314.1,6161027.35,5137743.75,2.65
2014/12/17,3.23,3.23,3.16,3.1,4317575.5,-0.07,-2.17,3.142,3.135,2.912,4582825.05,6479736.98,5077899.91,3.75
2014/12/16,3.1,3.26,3.23,3.08,5738210,0.12,3.86,3.138,3.109,2.883,5008622.05,6887135.83,4938224.2,4.99
2014/12/15,3.08,3.13,3.11,3.03,3158563.75,0.01,0.32,3.1,3.062,2.865,5887544.25,6751594.63,4896119.68,2.75
2014/12/12,3.1,3.15,3.1,3.07,3584642.5,-0.01,-0.32,3.146,3.026,2.851,6964480.7,6974904.3,4992650.57,3.12
2014/12/11,3.1,3.16,3.11,2.98,6115133.5,-0.03,-0.95,3.152,2.988,2.836,8352740.6,7045952.5,5075474.57,5.31
2014/12/10,3.01,3.15,3.14,2.94,6446560.5,0.1,3.29,3.128,2.945,2.819,8376648.9,6778225.4,5010495.89,5.6
2014/12/9,3.31,3.38,3.04,3.01,10132821,-0.3,-8.98,3.08,2.895,2.798,8765649.6,6361968.08,4914758.25,8.81
2014/12/8,3.15,3.38,3.34,3.07,8543246,0.21,6.71,3.024,2.857,2.781,7615645,5610112.48,4542039.48,7.43
2014/12/5,3.07,3.28,3.13,2.98,10525942,0.14,4.68,2.906,2.786,2.738,6985327.9,5019309.43,4234254.37,9.15
2014/12/4,2.9,3.03,2.99,2.88,6234675,0.09,3.1,2.824,2.732,2.705,5739164.4,4114460.15,3709947.06,5.42
2014/12/3,2.77,2.98,2.9,2.76,8391564,0.14,5.07,2.762,2.688,2.679,5179801.9,3676062.85,3480426.34,7.29
2014/12/2,2.75,2.78,2.76,2.73,4382798,0.01,0.36,2.71,2.657,2.657,3958286.55,2989312.58,2989312.58,3.81
2014/12/1,2.74,2.78,2.75,2.71,5391660.5,0.03,1.1,2.69,2.646,2.646,3604579.95,2834480.86,2834480.86,4.69
2014/11/28,2.67,2.73,2.72,2.65,4295124.5,0.04,1.49,2.666,2.633,2.633,3053290.95,2514833.41,2514833.41,3.73
2014/11/27,2.66,2.69,2.68,2.64,3437862.5,0.04,1.51,2.64,2.62,2.62,2489755.9,2260506.11,2260506.11,2.99
2014/11/26,2.65,2.67,2.64,2.62,2283987.25,-0.02,-0.75,2.614,2.61,2.61,2172323.8,2064280.04,2064280.04,1.99
2014/11/25,2.63,2.66,2.66,2.62,2614265,0.03,1.14,2.604,2.604,2.604,2020338.6,2020338.6,2020338.6,2.27
2014/11/24,2.62,2.65,2.63,2.6,2635215.5,0.04,1.54,2.59,2.59,2.59,1871857,1871857,1871857,2.29
2014/11/21,2.56,2.59,2.59,2.55,1477449.25,0.04,1.57,2.577,2.577,2.577,1617404.17,1617404.17,1617404.17,1.28
2014/11/20,2.58,2.59,2.55,2.54,1850702,-0.04,-1.54,2.57,2.57,2.57,1687381.63,1687381.63,1687381.63,1.61
2014/11/19,2.61,2.62,2.59,2.58,1524061.25,-0.02,-0.77,2.59,2.59,2.59,1524061.25,1524061.25,1524061.25,1.32
