date,open,high,close,low,volume,price_change,p_change,ma5,ma10,ma20,v_ma5,v_ma10,v_ma20,turnover
2017-11-17,17.74,17.83,16.3,16.26,275061.72,-1.43,-8.06,17.682,17.588,16.681,221344.57,254797.48,269278.13,5.12
2017-11-16,17.71,18.08,17.73,17.32,164396.3,0.0,0.0,18.102,17.571,16.612,222991.7,246946.22,276210.38,3.06
2017-11-15,18.05,18.26,17.73,17.55,182919.72,-0.4,-2.21,18.236,17.414,16.404,262354.02,258001.89,286049.45,3.41
2017-11-14,18.5,18.8,18.13,17.67,267218.69,-0.39,-2.11,18.09,17.291,16.258,263576.43,273745.26,286472.46,4.98
2017-11-13,18.4,19.1,18.52,18.17,217126.44,0.12,0.65,17.884,17.079,16.091,267515.59,264687.39,281294.27,4.04
2017-11-10,18.35,18.99,18.4,18.06,283297.34,0.0,0.0,17.494,16.827,15.887,288250.39,280700.83,277089.71,5.28
2017-11-09,16.89,18.47,18.4,16.82,361207.91,1.4,8.23,17.04,16.559,15.697,270900.74,288684.41,273611.27,6.73
2017-11-08,17.0,17.39,17.0,16.85,189031.77,-0.1,-0.58,16.592,16.256,15.506,253649.75,275702.99,265033.24,3.52
2017-11-07,16.63,17.24,17.1,16.43,286914.5,0.53,3.2,16.492,16.104,15.389,283914.08,282093.14,265907.59,5.34
2017-11-06,16.08,16.65,16.57,15.61,320800.44,0.44,2.73,16.274,15.9,15.289,261859.19,276586.43,261049.74,5.97
2017-11-03,16.05,16.34,16.13,15.84,196549.09,-0.03,-0.19,16.16,15.774,15.23,273151.26,283758.78,258588.13,3.66
2017-11-02,16.4,16.65,16.16,15.9,274952.97,-0.34,-2.06,16.078,15.653,15.19,306468.08,305474.54,259677.04,5.12
2017-11-01,16.15,16.73,16.5,15.95,340353.41,0.49,3.06,15.92,15.393,15.131,297756.23,314097.01,258805.06,6.34
2017-10-31,15.85,16.28,16.01,15.71,176640.02,0.01,0.06,15.716,15.225,15.027,280272.2,299199.66,245404.18,3.29
2017-10-30,15.47,16.44,16.0,15.33,377260.81,0.28,1.78,15.526,15.102,14.94,291313.66,297901.15,239395.97,7.03
2017-10-27,15.26,16.13,15.72,15.13,363133.19,0.35,2.28,15.388,14.947,14.849,294366.3,273478.6,224111.96,6.76
2017-10-26,15.46,15.46,15.37,15.07,231393.73,-0.11,-0.71,15.228,14.835,14.774,304481.0,258538.13,209453.33,4.31
2017-10-25,15.1,15.56,15.48,14.88,252933.23,0.42,2.79,14.866,14.755,14.735,330437.79,254363.48,205217.99,4.71
2017-10-24,15.23,15.26,15.06,14.75,231847.36,-0.25,-1.63,14.734,14.674,14.695,318127.12,249722.04,197987.65,4.32
2017-10-23,15.2,15.39,15.31,14.93,392524.0,0.39,2.61,14.678,14.677,14.663,304488.63,245513.06,191111.33,7.31
2017-10-20,13.58,14.92,14.92,13.57,413706.69,1.36,10.03,14.506,14.686,14.628,252590.9,233417.49,175879.44,7.71
2017-10-19,14.8,14.8,13.56,13.34,361177.69,-1.26,-8.5,14.442,14.727,14.614,212595.26,213879.54,161648.25,6.73
2017-10-18,14.7,15.16,14.82,14.65,191379.88,0.04,0.27,14.644,14.869,14.662,178289.17,203513.1,151615.5,3.56
2017-10-17,14.4,14.89,14.78,14.3,163654.88,0.33,2.28,14.614,14.828,14.632,181316.95,191608.7,153988.53,3.05
2017-10-16,14.61,14.65,14.45,14.27,133035.34,-0.15,-1.03,14.676,14.777,14.63,186537.49,180890.79,153631.85,2.48
2017-10-13,14.54,14.77,14.6,14.41,213728.5,0.03,0.21,14.866,14.751,14.638,214244.07,174745.33,153334.2,3.98
2017-10-12,14.69,14.83,14.57,14.35,189647.23,-0.1,-0.68,15.012,14.713,14.626,215163.82,160368.53,151708.2,3.53
2017-10-11,15.0,15.17,14.67,14.65,206518.8,-0.42,-2.78,15.094,14.715,14.633,228737.03,156072.5,147966.37,3.85
2017-10-10,15.38,15.44,15.09,14.95,189757.56,-0.31,-2.01,15.042,14.715,14.654,201900.45,146253.26,142506.88,3.53
2017-10-09,15.46,15.6,15.4,14.89,271568.28,0.07,0.46,14.878,14.648,14.65,175244.1,136709.61,138685.15,5.06
2017-09-29,14.92,15.44,15.33,14.88,218327.23,0.35,2.34,14.636,14.569,14.642,135246.59,118341.39,133490.9,4.07
2017-09-28,14.4,15.11,14.98,14.38,257513.28,0.57,3.96,14.414,14.5,14.629,105573.24,109416.97,131045.5,4.8
2017-09-27,14.31,14.46,14.41,14.14,72335.88,0.14,0.98,14.336,14.454,14.636,83407.97,99717.91,123852.22,1.35
2017-09-26,14.18,14.3,14.27,14.01,56475.81,0.08,0.56,14.388,14.435,14.672,90606.08,116368.37,130218.77,1.05
2017-09-25,14.21,14.38,14.19,14.14,71580.73,-0.03,-0.21,14.418,14.483,14.708,98175.12,126372.91,137756.26,1.33
2017-09-22,14.38,14.5,14.22,14.16,69960.5,-0.37,-2.54,14.502,14.524,14.727,101436.2,131923.06,143449.84,1.3
2017-09-21,14.6,14.84,14.59,14.25,146686.95,-0.08,-0.55,14.586,14.539,14.737,113260.69,143047.87,147336.02,2.73
2017-09-20,14.48,14.68,14.67,14.11,108326.4,0.25,1.73,14.572,14.55,14.73,116027.84,139860.23,151332.93,2.02
2017-09-19,14.61,14.87,14.42,14.34,94321.03,-0.19,-1.3,14.482,14.593,14.704,142130.66,138760.5,148528.04,1.76
2017-09-18,14.62,14.84,14.61,14.55,87886.1,-0.03,-0.2,14.548,14.651,14.686,154570.7,140660.7,147458.61,1.64
2017-09-15,14.45,14.75,14.64,14.39,129082.99,0.12,0.83,14.546,14.715,14.675,162409.92,148640.41,149447.57,2.4
2017-09-14,14.25,14.54,14.52,14.08,160522.66,0.3,2.11,14.492,14.757,14.645,172835.05,152674.03,147620.26,2.99
2017-09-13,14.76,14.76,14.22,14.0,238840.52,-0.53,-3.59,14.528,14.818,14.631,163692.62,147986.53,145328.69,4.45
2017-09-12,14.62,14.96,14.75,14.39,156521.23,0.15,1.03,14.704,14.909,14.627,135390.35,144069.18,138277.9,2.92
2017-09-11,14.39,14.67,14.6,14.31,127082.22,0.23,1.6,14.754,14.932,14.6,126750.7,149139.6,138017.1,2.37
2017-09-08,14.72,14.79,14.37,14.23,181208.64,-0.33,-2.25,14.884,14.93,14.58,134870.89,154976.61,146633.05,3.37
2017-09-07,15.11,15.2,14.7,14.62,114810.5,-0.4,-2.65,15.022,14.935,14.546,132513.0,151624.17,148593.12,2.14
2017-09-06,14.96,15.23,15.1,14.8,97329.15,0.1,0.67,15.108,14.909,14.473,132280.44,162805.63,147590.28,1.81
2017-09-05,15.18,15.42,15.0,14.91,113322.97,-0.25,-1.64,15.114,14.814,14.379,152748.01,158295.58,145161.17,2.11
2017-09-04,15.03,15.65,15.25,14.88,167683.2,0.19,1.26,15.11,14.721,14.291,171528.51,154256.52,142428.27,3.12
2017-09-01,15.05,15.16,15.06,14.82,169419.19,-0.07,-0.46,14.976,14.635,14.189,175082.33,150254.73,137842.22,3.16
2017-08-31,15.13,15.26,15.13,15.0,113647.71,0.0,0.0,14.848,14.532,14.084,170735.34,142566.5,135789.31,2.12
2017-08-30,15.05,15.38,15.13,14.86,199667.0,0.15,1.0,14.71,14.443,13.985,193330.81,142670.85,135150.25,3.72
2017-08-29,14.58,15.03,14.98,14.52,207225.44,0.4,2.74,14.514,14.344,13.901,163843.14,132486.61,129127.65,3.86
2017-08-28,14.35,14.77,14.58,14.13,185452.31,0.16,1.11,14.332,14.268,13.827,136984.53,126894.61,123663.12,3.45
2017-08-25,14.3,14.62,14.42,14.12,147684.23,-0.02,-0.14,14.294,14.229,13.78,125427.13,138289.49,119739.37,2.75
2017-08-24,14.28,14.74,14.44,14.22,226625.05,0.29,2.05,14.216,14.157,13.718,114397.66,145562.07,115481.45,4.22
2017-08-23,14.17,14.24,14.15,14.02,52228.67,0.08,0.57,14.176,14.037,13.666,92010.9,132374.93,109119.76,0.97
2017-08-22,14.0,14.29,14.07,14.0,72932.38,-0.32,-2.22,14.174,13.944,13.618,101130.08,132026.77,110275.78,1.36
2017-08-21,14.09,14.5,14.39,14.03,127665.32,0.36,2.57,14.204,13.861,13.59,116804.68,130600.02,110294.15,2.38
2017-08-18,14.13,14.31,14.03,13.98,92536.87,-0.21,-1.48,14.164,13.742,13.539,151151.86,125429.71,107052.8,1.72
2017-08-17,14.05,14.28,14.24,14.01,114691.27,0.1,0.71,14.098,13.636,13.51,176726.47,129012.11,106393.74,2.14
2017-08-16,14.08,14.3,14.14,14.08,97824.57,-0.08,-0.56,13.898,13.527,13.471,172738.95,127629.65,105057.0,1.82
2017-08-15,14.18,14.32,14.22,14.05,151305.38,0.03,0.21,13.714,13.458,13.437,162923.46,125768.69,108198.0,2.82
2017-08-14,13.7,14.34,14.19,13.7,299401.19,0.49,3.58,13.518,13.386,13.38,144395.36,120431.63,105840.3,5.58
2017-08-11,13.12,13.7,13.7,13.08,220409.95,0.46,3.47,13.32,13.331,13.312,99707.56,101189.25,97061.64,4.11
2017-08-10,13.2,13.35,13.24,12.96,94753.66,0.02,0.15,13.174,13.278,13.295,81297.76,85400.83,92813.83,1.76
2017-08-09,13.27,13.3,13.22,13.1,48747.12,-0.02,-0.15,13.156,13.294,13.308,82520.34,85864.59,91602.44,0.91
2017-08-08,13.19,13.35,13.24,13.11,58664.86,0.04,0.3,13.202,13.291,13.327,88613.92,88524.79,94086.44,1.09
2017-08-07,12.95,13.24,13.2,12.93,75962.19,0.23,1.77,13.254,13.319,13.338,96467.9,89988.29,99734.29,1.41
2017-08-04,13.16,13.24,12.97,12.87,128360.95,-0.18,-1.37,13.342,13.336,13.358,102670.95,88675.89,114056.19,2.39
2017-08-03,13.46,13.54,13.15,13.1,100866.59,-0.3,-2.23,13.382,13.384,13.442,89503.91,83775.37,115016.78,1.88
2017-08-02,13.56,13.76,13.45,13.4,79215.01,-0.05,-0.37,13.432,13.414,13.52,89208.83,82484.36,117165.3,1.48
2017-08-01,13.73,13.95,13.5,13.39,97934.76,-0.14,-1.03,13.38,13.415,13.57,88435.67,90627.32,119350.3,1.82
2017-07-31,13.17,13.64,13.64,13.08,106977.46,0.47,3.57,13.384,13.373,13.626,83508.67,91248.97,121353.78,1.99
2017-07-28,13.33,13.46,13.17,13.15,62525.74,-0.23,-1.72,13.33,13.293,13.663,74680.83,92934.03,119355.62,1.16
2017-07-27,13.2,13.48,13.4,12.91,99391.17,0.21,1.59,13.386,13.311,13.725,78046.83,100226.83,119723.91,1.85
2017-07-26,13.45,13.47,13.19,13.13,75349.2,-0.33,-2.44,13.396,13.321,13.776,75759.89,97340.3,119275.85,1.4
2017-07-25,13.39,13.66,13.52,13.29,73299.79,0.15,1.12,13.45,13.363,13.835,92818.97,99648.1,119493.56,1.37
2017-07-24,13.37,13.52,13.37,13.24,62838.24,-0.08,-0.59,13.362,13.357,13.876,98989.27,109480.3,121821.38,1.17
2017-07-21,13.4,13.58,13.45,13.26,79355.75,0.0,0.0,13.256,13.38,13.93,111187.22,139436.48,128536.99,1.48
2017-07-20,13.38,13.66,13.45,13.35,87956.46,-0.01,-0.07,13.236,13.499,13.953,122406.82,146258.18,128697.04,1.64
2017-07-19,13.0,13.59,13.46,12.88,160644.62,0.38,2.9,13.246,13.625,13.966,118920.72,151846.24,129928.24,2.99
2017-07-18,12.84,13.12,13.08,12.67,104151.29,0.24,1.87,13.276,13.724,13.983,106477.22,148073.29,126553.79,1.94
2017-07-17,13.24,13.29,12.84,12.6,123828.0,-0.51,-3.82,13.352,13.879,14.009,119971.32,151458.59,126212.59,2.31
2017-07-14,13.52,13.54,13.35,13.08,135453.73,-0.15,-1.11,13.504,14.032,14.043,167685.74,145777.21,125221.91,2.52
2017-07-13,13.62,13.64,13.5,13.43,70525.96,-0.11,-0.81,13.762,14.139,14.033,170109.54,139220.99,122125.23,1.31
2017-07-12,13.4,13.64,13.61,13.27,98427.11,0.15,1.11,14.004,14.23,14.029,184771.76,141211.39,123849.32,1.83
2017-07-11,13.6,13.78,13.46,13.38,171621.8,-0.14,-1.03,14.172,14.307,13.998,189669.35,139339.02,122599.52,3.2
2017-07-10,14.56,14.6,13.6,13.35,362400.09,-1.04,-7.1,14.406,14.395,13.986,182945.86,134162.47,117403.55,6.75
2017-07-07,14.65,14.79,14.64,14.37,147572.75,-0.07,-0.48,14.56,14.48,13.958,123868.68,117637.5,105488.0,2.75
2017-07-06,14.4,14.71,14.71,14.34,143837.06,0.26,1.8,14.516,14.406,13.902,108332.44,111135.89,101312.56,2.68
2017-07-05,14.63,14.73,14.45,14.28,122915.07,-0.18,-1.23,14.456,14.307,13.838,97651.02,108010.24,98394.86,2.29
2017-07-04,14.39,14.83,14.63,14.24,138004.34,0.26,1.81,14.442,14.242,13.793,89008.69,105034.3,97783.46,2.57
2017-07-03,14.39,14.47,14.37,14.18,67014.16,-0.05,-0.35,14.384,14.139,13.721,85379.08,100966.58,94099.35,1.25
2017-06-30,14.31,14.46,14.42,14.12,69891.59,0.01,0.07,14.4,14.053,13.663,111406.33,104666.62,96414.79,1.3
2017-06-29,14.41,14.45,14.41,14.06,90429.93,0.03,0.21,14.296,13.926,13.585,113939.35,105029.47,97095.82,1.68
2017-06-28,14.44,14.53,14.38,14.1,79703.41,0.04,0.28,14.158,13.827,13.494,118369.46,106487.26,96761.84,1.48
2017-06-27,14.46,14.8,14.34,14.32,119856.31,-0.11,-0.76,14.042,13.688,13.419,121059.9,105860.03,96580.4,2.23
2017-06-26,13.89,14.78,14.45,13.8,197150.41,0.55,3.96,13.894,13.576,13.352,116554.08,100644.63,93272.38,3.67
2017-06-23,13.73,13.94,13.9,13.49,82556.67,0.18,1.31,13.706,13.435,13.279,97926.91,93338.49,92116.47,1.54
2017-06-22,13.76,14.06,13.72,13.63,112580.48,-0.08,-0.58,13.556,13.397,13.27,96119.6,91489.22,91713.44,2.1
2017-06-21,13.69,13.95,13.8,13.55,93155.65,0.2,1.47,13.496,13.368,13.269,94605.06,88779.48,89599.57,1.73
2017-06-20,13.4,13.66,13.6,13.4,97327.21,0.19,1.42,13.334,13.343,13.256,90660.15,90532.62,88411.42,1.81
2017-06-19,13.15,13.54,13.51,13.09,104014.53,0.36,2.74,13.258,13.303,13.263,84735.17,87232.11,87743.37,1.94
2017-06-16,13.38,13.45,13.15,13.1,73520.13,-0.27,-2.01,13.164,13.272,13.301,88750.08,88162.96,85689.41,1.37
2017-06-15,12.99,13.47,13.42,12.99,105007.79,0.43,3.31,13.238,13.244,13.367,86858.84,89162.16,86371.32,1.96
2017-06-14,13.17,13.24,12.99,12.88,73431.08,-0.23,-1.74,13.24,13.16,13.417,82953.91,87036.42,85685.17,1.37
2017-06-13,12.94,13.31,13.22,12.86,67702.34,0.18,1.38,13.352,13.15,13.491,90405.09,87300.77,91079.81,1.26
2017-06-12,13.4,13.4,13.04,12.88,124089.05,-0.48,-3.55,13.348,13.128,13.524,89729.04,85900.13,91655.99,2.31
2017-06-09,13.48,13.62,13.52,13.39,64063.96,0.09,0.67,13.38,13.122,13.557,87575.84,90894.44,90923.04,1.19
2017-06-08,13.52,13.65,13.43,13.35,85483.1,-0.12,-0.89,13.25,13.143,13.576,91465.48,91937.65,93207.61,1.59
2017-06-07,13.15,13.64,13.55,13.14,110686.98,0.35,2.65,13.08,13.17,13.591,91118.93,90419.66,97886.44,2.06
2017-06-06,13.25,13.34,13.2,13.06,64322.13,0.0,0.0,12.948,13.169,13.602,84196.45,86290.22,99081.97,1.2
2017-06-05,12.82,13.37,13.2,12.8,113323.05,0.33,2.56,12.908,13.222,13.611,82071.22,88254.63,103680.01,2.11
2017-06-02,12.52,12.96,12.87,12.34,83512.16,0.29,2.31,12.864,13.329,13.649,94213.03,83215.86,109346.05,1.56
2017-06-01,12.91,13.18,12.58,12.41,83750.33,-0.31,-2.4,13.036,13.49,13.739,92409.82,83580.47,111911.68,1.56
2017-05-31,13.3,13.3,12.89,12.88,76074.57,-0.09,-0.69,13.26,13.673,13.855,89720.39,84333.92,113769.99,1.42
2017-05-30,13.0,13.0,13.0,13.0,53696.0,0.02,0.15,13.39,13.832,13.968,88383.99,94858.85,114860.05,1.0
2017-05-26,13.79,13.79,12.98,12.97,174032.09,-0.75,-5.46,13.536,13.919,14.061,94438.04,97411.84,117507.66,3.24
2017-05-25,13.7,13.87,13.73,13.4,74496.12,0.03,0.22,13.794,13.991,14.155,72218.69,90951.64,116543.14,1.39
2017-05-24,13.5,13.87,13.7,13.28,70303.17,0.16,1.18,13.944,14.009,14.218,74751.11,94477.57,120731.18,1.31
2017-05-23,13.72,13.96,13.54,13.4,69392.56,-0.19,-1.38,14.086,14.011,14.299,78947.44,105353.21,124200.04,1.29
2017-05-22,14.25,14.35,13.73,13.6,83966.26,-0.54,-3.78,14.274,14.035,14.36,101333.71,111873.72,128653.92,1.56
2017-05-19,14.47,14.52,14.27,14.0,62935.36,-0.21,-1.45,14.302,14.0,14.443,100385.64,119105.38,131797.67,1.17
2017-05-18,14.24,14.63,14.48,14.16,87158.2,0.07,0.49,14.188,13.968,14.509,109684.58,135476.25,141543.41,1.62
2017-05-17,14.48,14.65,14.41,14.27,91284.83,-0.07,-0.48,14.074,13.988,14.521,114204.03,140242.9,144922.82,1.7
2017-05-16,13.8,14.58,14.48,13.68,181323.88,0.61,4.4,13.936,14.037,14.524,131758.98,143206.06,146057.87,3.38
2017-05-15,13.75,13.92,13.87,13.61,79225.94,0.17,1.24,13.796,14.104,14.524,122413.72,134861.25,147372.15,1.48
2017-05-12,13.88,13.93,13.7,13.35,109430.03,-0.21,-1.51,13.698,14.203,14.525,137825.12,137603.49,163922.71,2.04
2017-05-11,13.58,13.95,13.91,13.48,109755.45,0.19,1.39,13.748,14.318,14.601,161267.92,142134.64,164340.68,2.04
2017-05-10,13.75,14.23,13.72,13.68,179059.59,-0.06,-0.43,13.902,14.427,14.67,166281.77,146984.8,165317.49,3.33
2017-05-09,13.07,13.88,13.78,13.07,134597.61,0.4,2.99,14.138,14.586,14.746,154653.14,143046.88,162711.81,2.51
2017-05-08,13.85,13.99,13.38,13.33,156282.94,-0.57,-4.09,14.412,14.685,14.81,147308.77,145434.13,163545.25,2.91
2017-05-05,14.58,14.68,13.95,13.9,226644.0,-0.73,-4.97,14.708,14.885,14.911,137381.85,144489.96,161582.89,4.22
2017-05-04,14.81,14.91,14.68,14.5,134824.7,-0.22,-1.48,14.888,15.049,14.978,123001.36,147610.57,156664.38,2.51
2017-05-03,15.02,15.14,14.9,14.72,120916.43,-0.25,-1.65,14.952,15.053,15.017,127687.84,149602.75,161431.43,2.25
2017-05-02,14.76,15.25,15.15,14.76,97875.8,0.29,1.95,15.034,15.011,14.997,131440.62,148909.67,162421.73,1.82
2017-04-28,14.8,15.22,14.86,14.6,106648.34,0.01,0.07,14.958,14.944,14.962,143559.48,159883.06,164934.65,1.99
2017-04-27,14.8,15.07,14.85,14.37,154741.53,-0.15,-1.0,15.062,14.847,14.965,151598.06,190241.93,172089.85,2.88
2017-04-26,15.39,15.47,15.0,14.92,158257.08,-0.31,-2.02,15.21,14.883,14.958,172219.79,186546.71,168744.71,2.95
2017-04-25,14.77,15.4,15.31,14.73,139680.34,0.54,3.66,15.154,14.913,14.942,171517.67,183650.19,169562.02,2.6
2017-04-24,15.34,15.34,14.77,14.4,158470.11,-0.61,-3.97,14.988,14.906,14.915,166378.73,182376.75,175952.28,2.95
2017-04-21,15.62,15.75,15.38,15.15,146841.22,-0.21,-1.35,14.93,14.934,14.902,176206.63,181656.37,176225.94,2.73
2017-04-20,14.84,15.83,15.59,14.63,257850.19,0.87,5.91,14.632,14.937,14.858,228885.81,178675.82,180685.48,4.8
2017-04-19,14.33,14.85,14.72,14.23,154746.48,0.24,1.66,14.556,14.907,14.794,200873.64,165718.18,174619.76,2.88
2017-04-18,14.37,14.88,14.48,14.32,113985.64,0.0,0.0,14.672,14.98,14.759,195782.71,173260.1,173236.84,2.12
2017-04-17,14.25,14.68,14.48,14.21,207609.62,0.59,4.25,14.824,14.982,14.748,198374.77,175933.8,176318.77,3.87
2017-04-14,15.1,15.1,13.89,13.86,410237.12,-1.32,-8.68,14.938,14.98,14.745,187106.11,169986.25,173394.96,7.64
2017-04-13,15.07,15.69,15.21,15.07,117789.34,-0.09,-0.59,15.242,15.082,14.769,128465.84,153937.76,159314.19,2.19
2017-04-12,15.11,15.69,15.3,14.97,129291.81,0.06,0.39,15.258,15.033,14.721,130562.72,150942.71,161860.39,2.41
2017-04-11,15.1,15.28,15.24,14.84,126945.94,0.19,1.26,15.288,14.971,14.677,150737.5,155473.85,168990.44,2.36
2017-04-10,15.38,15.56,15.05,14.9,151266.33,-0.36,-2.34,15.14,14.924,14.596,153492.82,169527.8,168436.45,2.82
2017-04-07,15.27,15.58,15.41,15.19,117035.76,0.12,0.79,15.022,14.87,14.528,152866.4,170795.52,167171.47,2.18
2017-04-06,15.38,15.58,15.29,15.25,128273.76,-0.16,-1.04,14.922,14.779,14.453,179409.68,182695.14,167057.48,2.39
2017-04-05,14.53,15.5,15.45,14.4,230165.72,0.95,6.55,14.808,14.68,14.384,171322.69,183521.34,168159.32,4.29
2017-03-31,14.45,14.83,14.5,14.27,140722.55,0.04,0.28,14.654,14.538,14.312,160210.19,173213.57,172383.02,2.62
2017-03-30,14.82,14.97,14.46,14.46,148134.2,-0.45,-3.02,14.708,14.513,14.266,185562.78,176703.74,177846.68,2.76
2017-03-29,14.77,15.13,14.91,14.52,249752.16,0.19,1.29,14.718,14.51,14.189,188724.63,176803.66,176591.71,4.65
2017-03-28,14.71,14.88,14.72,14.5,87838.83,0.04,0.27,14.636,14.455,14.084,185980.6,164690.62,170464.51,1.64
2017-03-27,14.74,14.84,14.68,14.45,174603.23,-0.09,-0.61,14.552,14.409,14.001,195719.98,172778.08,169871.64,3.25
2017-03-24,14.43,15.05,14.77,14.36,267485.5,0.26,1.79,14.422,14.383,13.915,186216.95,182507.03,167907.52,4.98
2017-03-23,14.33,14.51,14.51,14.0,163943.44,0.01,0.07,14.318,14.268,13.845,167844.7,167345.09,157942.3,3.05
2017-03-22,14.35,14.8,14.5,14.2,236032.02,0.2,1.4,14.302,14.186,13.79,164882.68,163547.43,154978.44,4.4
2017-03-21,14.09,14.5,14.3,13.9,136535.72,0.27,1.92,14.274,14.126,13.741,143400.64,151419.82,148131.89,2.54
2017-03-20,14.19,14.24,14.03,13.87,127088.08,-0.22,-1.54,14.266,14.088,13.703,149836.18,152797.29,147713.73,2.37
2017-03-17,14.44,14.66,14.25,14.12,175624.23,-0.18,-1.25,14.344,14.085,13.679,178797.12,171552.47,150487.23,3.27
2017-03-16,14.37,14.62,14.43,14.3,149133.36,0.07,0.49,14.218,14.019,13.615,166845.48,178989.61,147018.58,2.78
2017-03-15,14.3,14.45,14.36,14.1,128621.8,0.1,0.7,14.07,13.867,13.55,162212.17,176379.77,147221.22,2.4
2017-03-14,14.36,14.49,14.26,14.05,168713.44,-0.16,-1.11,13.978,13.712,13.475,159439.01,176238.4,151382.43,3.14
2017-03-13,13.58,14.43,14.42,13.36,271892.75,0.8,5.87,13.91,13.592,13.417,155758.4,166965.19,152853.15,5.06
2017-03-10,13.69,13.88,13.62,13.58,115866.07,-0.07,-0.51,13.826,13.446,13.33,164307.83,153308.01,144134.16,2.16
2017-03-09,13.9,13.9,13.69,13.51,125966.81,-0.21,-1.51,13.82,13.422,13.283,191133.74,148539.51,142878.72,2.35
2017-03-08,13.95,14.08,13.9,13.72,114755.97,-0.02,-0.14,13.664,13.393,13.24,190547.37,146409.45,145092.13,2.14
2017-03-07,13.9,14.09,13.92,13.72,150310.42,-0.08,-0.57,13.446,13.356,13.183,193037.8,144843.96,146926.78,2.8
2017-03-06,13.55,14.2,14.0,13.5,314639.88,0.41,3.02,13.274,13.317,13.108,178171.98,142630.16,143183.77,5.86
2017-03-03,12.86,13.7,13.59,12.76,249995.64,0.68,5.27,13.066,13.273,13.03,142308.19,129421.99,130258.54,4.66
2017-03-02,12.84,13.1,12.91,12.8,123034.94,0.1,0.78,13.024,13.211,12.975,105945.28,115047.54,120133.08,2.29
2017-03-01,13.05,13.11,12.81,12.79,127208.11,-0.25,-1.91,13.122,13.233,12.941,102271.53,118062.68,113982.28,2.37
2017-02-28,12.95,13.15,13.06,12.89,75981.34,0.1,0.77,13.266,13.237,12.913,96650.13,126526.45,109554.68,1.42
2017-02-27,13.38,13.38,12.96,12.95,135320.91,-0.42,-3.14,13.36,13.242,12.869,107088.33,138741.11,108012.56,2.52
2017-02-24,13.35,13.52,13.38,13.31,68181.11,-0.02,-0.15,13.48,13.214,12.819,116535.78,134960.32,103271.89,1.27
2017-02-23,13.45,13.65,13.4,13.21,104666.19,-0.13,-0.96,13.398,13.143,12.755,124149.8,137217.92,102982.81,1.95
2017-02-22,13.59,13.6,13.53,13.31,99101.1,0.0,0.0,13.344,13.087,12.681,133853.82,143774.81,101128.24,1.85
2017-02-21,13.55,13.58,13.53,13.38,128172.36,-0.03,-0.22,13.208,13.01,12.577,156402.77,149009.59,97809.33,2.39
2017-02-20,12.87,13.68,13.56,12.87,182558.16,0.59,4.55,13.124,12.899,12.478,170393.89,143737.39,92847.88,3.4
2017-02-17,13.03,13.26,12.97,12.88,106251.2,-0.16,-1.22,12.948,12.787,12.383,153384.85,131095.1,85658.44,1.98
2017-02-16,12.82,13.38,13.13,12.8,153186.28,0.28,2.18,12.888,12.738,12.309,150286.04,125218.62,84735.86,2.85
2017-02-15,13.06,13.44,12.85,12.85,211845.86,-0.26,-1.98,12.83,12.649,12.243,153695.8,109901.89,80670.66,3.95
2017-02-14,12.74,13.15,13.11,12.62,198127.94,0.43,3.39,12.812,12.588,12.206,141616.4,92582.91,73114.71,3.69
2017-02-13,12.62,12.83,12.68,12.51,97512.96,0.01,0.08,12.674,12.495,12.156,117080.89,77284.0,68972.28,1.82
2017-02-10,12.85,12.92,12.67,12.62,90757.17,-0.17,-1.32,12.626,12.424,12.149,108805.36,71583.46,68777.74,1.69
2017-02-09,12.55,12.96,12.84,12.49,170235.05,0.08,0.63,12.588,12.367,12.142,100151.19,68747.69,70047.27,3.17
2017-02-08,12.43,12.76,12.76,12.18,151448.89,0.34,2.74,12.468,12.274,12.124,66107.98,58481.68,68046.47,2.82
2017-02-07,12.42,12.65,12.42,12.35,75450.39,-0.02,-0.16,12.364,12.143,12.124,43549.43,46609.08,65087.24,1.41
2017-02-06,12.47,12.55,12.44,12.32,56135.3,-0.04,-0.32,12.316,12.057,12.145,37487.11,41958.37,69399.47,1.05
2017-02-03,12.23,12.56,12.48,12.21,47486.34,0.24,1.96,12.222,11.978,12.146,34361.57,40221.78,72397.04,0.88
2017-02-02,12.2,12.24,12.24,12.2,19.0,0.0,0.0,12.146,11.88,12.144,37344.19,44253.11,74734.02,0.0
2017-01-26,12.25,12.43,12.24,12.16,38656.1,0.06,0.49,12.08,11.837,12.158,50855.38,51439.42,79587.14,0.72
2017-01-25,12.0,12.28,12.18,11.95,45138.83,0.21,1.75,11.922,11.824,12.159,49668.73,53646.51,80518.32,0.84
2017-01-24,12.15,12.16,11.97,11.93,40507.57,-0.13,-1.07,11.798,11.817,12.167,46429.63,60660.55,84598.44,0.75
2017-01-23,11.91,12.28,12.1,11.88,62399.44,0.19,1.59,11.734,11.874,12.18,46081.99,65972.02,87381.93,1.16
2017-01-20,11.39,11.97,11.91,11.39,67574.94,0.46,4.02,11.614,11.916,12.175,51162.03,71346.85,87523.26,1.26
2017-01-19,11.59,11.65,11.45,11.42,32722.88,-0.11,-0.95,11.594,11.973,12.191,52023.47,77611.26,88463.94,0.61
2017-01-18,11.61,11.71,11.56,11.5,28943.31,-0.09,-0.77,11.726,12.105,12.217,57624.29,83565.4,90089.34,0.54
2017-01-17,11.35,11.67,11.65,11.32,38769.38,0.15,1.3,11.836,12.233,12.232,74891.47,96840.58,92871.53,0.72
2017-01-16,11.77,11.78,11.5,10.77,87799.64,-0.31,-2.62,12.014,12.314,12.236,85862.05,104572.3,94232.68,1.64
2017-01-13,12.19,12.25,11.81,11.75,71882.12,-0.3,-2.48,12.218,12.407,12.248,91531.66,105214.93,95437.09,1.34
2017-01-12,12.1,12.27,12.11,12.01,60727.02,0.0,0.0,12.352,12.478,12.219,103199.05,107734.85,95297.94,1.13
2017-01-11,12.46,12.6,12.11,12.03,115279.19,-0.43,-3.43,12.484,12.494,12.175,109506.5,107390.13,95193.06,2.15
2017-01-10,12.48,12.82,12.54,12.48,93622.27,0.02,0.16,12.63,12.517,12.138,118789.69,108536.33,93923.01,1.74
2017-01-09,12.44,12.71,12.52,12.41,116147.71,0.04,0.32,12.614,12.486,12.066,123282.54,108791.85,97328.19,2.16
2017-01-06,12.81,13.02,12.48,12.45,130219.04,-0.29,-2.27,12.596,12.434,12.04,118898.19,103699.67,96567.53,2.43
2017-01-05,12.81,12.9,12.77,12.64,92264.29,-0.07,-0.55,12.604,12.408,12.029,112270.66,99316.62,101014.64,1.72
2017-01-04,12.41,13.02,12.84,12.32,161695.12,0.38,3.05,12.504,12.328,11.984,105273.76,96613.28,100544.76,3.01
2017-01-03,12.4,12.63,12.46,12.18,116086.56,0.03,0.24,12.404,12.23,11.936,98282.97,88902.49,95556.26,2.16
2016-12-30,12.54,12.79,12.43,12.43,94225.93,-0.09,-0.72,12.358,12.158,11.907,94301.15,83893.07,93720.88,1.75
2016-12-29,12.23,12.57,12.52,12.2,97081.41,0.25,2.04,12.272,12.089,11.89,88501.15,85659.25,93120.59,1.81
2016-12-28,12.28,12.42,12.27,12.27,57279.8,-0.07,-0.57,12.212,11.96,11.882,86362.58,82861.02,93439.03,1.07
2016-12-27,12.21,12.61,12.34,12.15,126741.15,0.11,0.9,12.152,11.855,11.896,87952.79,82995.98,98768.58,2.36
2016-12-26,12.0,12.35,12.23,11.84,96177.44,0.23,1.92,12.056,11.759,11.884,79522.01,79309.7,96426.27,1.79
2016-12-23,12.21,12.28,12.0,11.9,65225.96,-0.22,-1.8,11.958,11.645,11.888,73485.0,85864.54,95666.75,1.21
2016-12-22,11.99,12.28,12.22,11.8,86388.56,0.25,2.09,11.906,11.645,11.901,82817.35,89435.39,97882.55,1.61
2016-12-21,11.86,12.12,11.97,11.75,65230.82,0.11,0.93,11.708,11.649,11.908,79359.45,102712.66,101227.2,1.21
2016-12-20,11.74,12.03,11.86,11.54,84587.27,0.12,1.02,11.558,11.64,11.944,78039.18,104476.24,105170.62,1.58
2016-12-19,11.7,11.91,11.74,11.6,65992.38,0.0,0.0,11.462,11.642,11.988,79097.39,102210.04,107792.1,1.23
2016-12-16,11.21,11.88,11.74,11.21,111887.73,0.51,4.54,11.332,11.656,12.041,98244.09,103548.68,112947.71,2.08
2016-12-15,11.15,11.38,11.23,11.13,69099.07,0.01,0.09,11.384,11.69,12.098,96053.43,100581.93,119144.27,1.29
2016-12-14,11.3,11.38,11.22,11.09,58629.46,-0.16,-1.41,11.59,11.804,12.162,126065.86,104017.03,120214.5,1.09
2016-12-13,11.08,11.44,11.38,11.0,89878.32,0.29,2.62,11.722,11.937,12.227,130913.29,114541.17,122568.83,1.67
2016-12-12,11.95,12.07,11.09,10.94,161725.86,-0.91,-7.58,11.822,12.008,12.284,125322.68,113542.84,125271.38,3.01
2016-12-09,12.21,12.21,12.0,11.97,100934.43,-0.26,-2.12,11.98,12.13,12.348,108853.27,105468.96,125506.41,1.88
2016-12-08,11.91,12.57,12.26,11.91,219161.23,0.38,3.2,11.996,12.157,12.365,105110.42,106329.72,136277.91,4.08
2016-12-07,11.9,12.01,11.88,11.82,82866.61,0.0,0.0,12.018,12.166,12.393,81968.21,99741.75,135143.79,1.54
2016-12-06,11.87,12.12,11.88,11.83,61925.26,0.0,0.0,12.152,12.247,12.439,98169.04,105865.0,142474.36,1.15
2016-12-05,11.9,12.07,11.88,11.73,79378.82,-0.2,-1.66,12.194,12.334,12.485,101763.0,113374.16,149442.08,1.48
2016-12-02,12.4,12.49,12.08,12.07,82220.2,-0.29,-2.34,12.28,12.426,12.533,102084.66,122346.74,158781.47,1.53
2016-12-01,12.48,12.57,12.37,12.28,103450.15,-0.18,-1.43,12.318,12.505,12.556,107549.01,137706.61,161902.03,1.93
2016-11-30,12.18,12.55,12.55,12.06,163870.78,0.46,3.81,12.314,12.519,12.559,117515.3,136411.96,168078.41,3.05
2016-11-29,12.29,12.32,12.09,12.07,79895.05,-0.22,-1.79,12.342,12.516,12.551,113560.96,130596.49,170697.99,1.49
2016-11-28,12.28,12.37,12.31,12.19,80987.11,0.04,0.33,12.474,12.56,12.579,124985.31,136999.93,177249.74,1.51
2016-11-25,12.36,12.37,12.27,12.01,109541.95,-0.08,-0.65,12.572,12.566,12.617,142608.83,145543.86,184592.95,2.04
2016-11-24,12.66,12.74,12.35,12.27,153281.59,-0.34,-2.68,12.692,12.572,12.673,167864.21,166226.11,190618.41,2.85
2016-11-23,12.8,13.02,12.69,12.68,144099.08,-0.06,-0.47,12.724,12.619,12.72,155308.62,170545.82,194695.95,2.68
2016-11-22,12.73,12.84,12.75,12.56,137016.84,-0.05,-0.39,12.69,12.63,12.765,147632.03,179083.73,198642.75,2.55
2016-11-21,12.89,13.08,12.8,12.6,169104.69,-0.07,-0.54,12.646,12.635,12.807,149014.54,185510.01,208746.37,3.15
2016-11-18,12.55,12.95,12.87,12.41,235818.84,0.36,2.88,12.56,12.639,12.865,148478.89,195216.19,222584.57,4.39
2016-11-17,12.52,12.55,12.51,12.26,90503.64,-0.01,-0.08,12.452,12.607,12.909,164588.02,186097.46,248271.08,1.69
2016-11-16,12.53,12.59,12.52,12.44,105716.14,-0.01,-0.08,12.514,12.598,12.947,185783.02,199744.86,269719.24,1.97
2016-11-15,12.43,12.54,12.53,12.3,143929.39,0.16,1.29,12.57,12.586,12.924,210535.43,210799.49,279481.97,2.68
2016-11-14,12.3,12.46,12.37,12.21,166426.44,0.04,0.32,12.624,12.597,12.898,222005.48,217499.56,284097.35,3.1
2016-11-11,12.82,12.87,12.33,12.23,316364.47,-0.49,-3.82,12.718,12.668,12.9,241953.49,223642.04,288111.93,5.89
2016-11-10,12.93,13.06,12.82,12.66,196478.66,0.02,0.16,12.762,12.773,12.919,207606.9,215010.7,288953.33,3.66
2016-11-09,12.8,12.97,12.8,12.36,229478.19,0.0,0.0,12.682,12.821,12.907,213706.7,218846.09,293375.64,4.27
2016-11-08,12.96,13.11,12.8,12.78,201279.64,-0.04,-0.31,12.602,12.9,12.896,211063.54,218201.77,298590.43,3.75
2016-11-07,12.5,13.1,12.84,12.42,266166.47,0.29,2.31,12.57,12.978,12.86,212993.64,231982.73,300980.46,4.96
2016-11-04,12.35,12.66,12.55,12.35,144631.55,0.13,1.05,12.618,13.091,12.805,205330.6,249952.96,297403.67,2.69
2016-11-03,12.43,12.77,12.42,12.2,226977.66,0.02,0.16,12.784,13.211,12.77,222414.5,310444.71,308305.43,4.23
2016-11-02,13.01,13.2,12.4,12.4,216262.38,-0.76,-5.78,12.96,13.296,12.734,223985.48,339693.62,319995.11,4.03
2016-10-28,13.02,13.28,12.64,12.57,210930.12,-0.44,-3.36,13.198,13.262,12.719,225340.01,348164.45,324938.46,3.93
2016-10-27,13.2,13.65,13.08,13.0,227851.3,-0.3,-2.24,13.386,13.199,12.707,250971.83,350695.14,328406.27,4.24
2016-10-26,13.12,13.45,13.38,13.01,230051.06,0.08,0.6,13.564,13.131,12.678,294575.31,352581.82,335059.56,4.28
2016-10-25,13.59,13.78,13.3,13.21,234832.52,-0.29,-2.13,13.638,13.065,12.645,398474.91,362895.97,340435.89,4.37
2016-10-24,13.68,13.68,13.59,13.31,223035.03,0.01,0.07,13.632,12.992,12.621,455401.76,367905.19,359816.69,4.15
2016-10-21,13.97,13.97,13.58,13.42,339089.22,-0.39,-2.79,13.326,12.892,12.542,470988.89,378979.09,375067.87,6.32
2016-10-20,13.62,13.97,13.97,13.43,445868.72,0.22,1.6,13.012,12.742,12.471,450418.46,369978.18,386111.76,8.3
2016-10-19,13.6,13.97,13.75,13.27,749549.06,0.48,3.62,12.698,12.518,12.398,410588.32,344854.39,430012.1,13.96
2016-10-18,12.02,13.27,13.27,11.97,519466.78,1.21,10.03,12.492,12.328,12.291,327317.02,306166.15,433096.17,9.67
2016-10-17,12.06,12.15,12.06,11.74,300970.69,0.05,0.42,12.352,12.171,12.177,280408.62,300296.6,441274.23,5.61
2016-10-14,12.3,12.47,12.01,11.8,236237.05,-0.39,-3.15,12.458,12.175,12.118,286969.28,301712.48,448173.51,4.4
2016-10-13,12.63,12.66,12.4,12.34,246718.03,-0.32,-2.52,12.472,12.214,12.065,289537.91,306117.39,474378.24,4.6
2016-10-12,12.55,12.8,12.72,12.23,333192.56,0.15,1.19,12.338,12.224,12.0,279120.45,317537.31,504378.67,6.21
2016-10-11,12.59,12.87,12.57,12.35,284924.75,-0.02,-0.16,12.164,12.225,11.869,285015.29,317975.81,510317.36,5.31
2016-10-10,12.2,12.67,12.59,12.02,333774.03,0.51,4.22,11.99,12.249,11.72,320184.59,351728.19,504401.73,6.22
2016-09-30,11.85,12.16,12.08,11.67,249080.17,0.35,2.98,11.892,12.191,11.568,316455.67,371156.65,498366.79,4.64
2016-09-29,11.75,12.08,11.73,11.65,194630.73,-0.12,-1.01,11.956,12.199,11.437,322696.88,402245.34,490187.48,3.62
2016-09-28,11.66,12.11,11.85,11.49,362666.75,0.15,1.28,12.11,12.278,11.324,355954.16,515169.82,486565.12,6.75
2016-09-27,12.3,12.3,11.7,11.22,460771.28,-0.4,-3.31,12.286,12.253,11.206,350936.33,560026.18,479574.75,8.58
2016-09-26,12.36,12.74,12.1,12.09,315129.44,-0.3,-2.42,12.508,12.183,11.085,383271.79,582251.85,461769.35,5.87
2016-09-23,12.52,12.77,12.4,12.21,280286.19,-0.1,-0.8,12.49,12.061,10.942,425857.63,594634.55,451833.63,5.22
2016-09-22,12.8,12.84,12.5,12.26,360917.16,-0.23,-1.81,12.442,11.915,10.788,481793.79,642639.1,443092.19,6.72
2016-09-21,12.62,12.88,12.73,12.45,337577.56,-0.08,-0.62,12.446,11.776,10.623,674385.48,691220.02,429679.41,6.29
2016-09-20,11.95,13.1,12.81,11.77,622448.62,0.8,6.66,12.22,11.513,10.451,769116.03,702658.91,419587.72,11.59
2016-09-19,12.49,12.76,12.01,11.91,528058.62,-0.15,-1.23,11.858,11.19,10.274,781231.91,657075.26,392847.83,9.83
2016-09-14,12.09,12.45,12.16,11.88,559967.0,-0.36,-2.88,11.632,10.945,10.134,763411.46,625576.93,371096.46,10.43
2016-09-13,11.5,12.76,12.52,11.5,1323875.62,0.92,7.93,11.388,10.675,9.989,803484.4,578129.62,347195.38,24.66
2016-09-12,10.78,11.87,11.6,10.49,811230.31,0.6,5.46,11.106,10.37,9.825,708054.56,457960.41,285497.9,15.11
2016-09-09,10.77,11.38,11.0,10.75,683028.0,0.12,1.1,10.806,10.159,9.706,636201.78,399123.32,251375.87,12.72
2016-09-08,10.8,10.96,10.88,10.6,438956.38,-0.06,-0.55,10.522,9.987,9.607,532918.62,341286.84,219882.21,8.18
2016-09-07,11.11,11.27,10.94,10.85,760331.69,-0.17,-1.53,10.258,9.823,9.508,487742.4,309032.72,201820.48,14.16
2016-09-06,10.04,11.11,11.11,9.99,846726.44,1.01,10.0,9.962,9.66,9.415,352774.83,243545.28,167441.91,15.77
2016-09-05,9.59,10.16,10.1,9.55,451966.41,0.52,5.43,9.634,9.47,9.318,207866.26,168138.8,130461.29,8.42
2016-09-02,9.58,9.63,9.58,9.38,166612.17,0.02,0.21,9.512,9.388,9.266,162044.85,136516.54,111741.61,3.1
2016-09-01,9.45,9.73,9.56,9.42,213075.3,0.1,1.06,9.452,9.357,9.23,149655.07,128620.4,107362.59,3.97
2016-08-31,9.45,9.49,9.46,9.34,85493.84,-0.01,-0.11,9.388,9.323,9.202,130323.03,116616.0,100300.62,1.59
2016-08-30,9.41,9.6,9.47,9.41,122183.6,-0.02,-0.21,9.358,9.303,9.175,134315.74,116261.15,100030.38,2.28
2016-08-29,9.28,9.58,9.49,9.25,222859.34,0.21,2.26,9.306,9.279,9.147,128411.34,113035.38,97647.9,4.15
2016-08-26,9.22,9.38,9.28,9.22,104663.25,0.04,0.43,9.264,9.252,9.111,110988.23,103628.42,93138.41,1.95
2016-08-25,9.25,9.28,9.24,9.06,116415.12,-0.07,-0.75,9.262,9.226,9.1,107585.74,98477.58,92062.02,2.17
2016-08-24,9.23,9.39,9.31,9.22,105457.37,0.1,1.09,9.258,9.192,9.097,102908.97,94608.25,95791.99,1.96
2016-08-23,9.24,9.33,9.21,9.16,92661.63,-0.07,-0.75,9.248,9.169,9.099,98206.56,91338.53,105633.52,1.73
2016-08-22,9.29,9.43,9.28,9.25,135743.77,0.01,0.11,9.252,9.166,9.14,97659.42,92783.78,109561.2,2.53
2016-08-19,9.22,9.3,9.27,9.21,87650.8,0.05,0.54,9.24,9.143,9.171,96268.61,86966.67,111414.44,1.63
2016-08-18,9.27,9.29,9.22,9.18,93031.26,-0.04,-0.43,9.19,9.103,9.194,89369.41,86104.78,114351.36,1.73
2016-08-17,9.24,9.28,9.26,9.17,81945.33,0.03,0.33,9.126,9.081,9.229,86307.53,83985.23,117909.28,1.53
2016-08-16,9.23,9.3,9.23,9.19,89925.94,0.01,0.11,9.09,9.047,9.259,84470.51,83799.61,118901.42,1.67
2016-08-15,9.04,9.26,9.22,9.02,128789.71,0.2,2.22,9.08,9.014,9.294,87908.14,82260.41,119814.79,2.4
2016-08-12,8.88,9.04,9.02,8.86,53154.83,0.12,1.35,9.046,8.969,9.326,77664.74,82648.4,122135.19,0.99
2016-08-11,9.07,9.13,8.9,8.88,77721.83,-0.18,-1.98,9.016,8.974,9.381,82840.15,85646.47,136932.37,1.45
2016-08-10,9.15,9.2,9.08,9.04,72760.23,-0.1,-1.09,9.036,9.001,9.433,81662.94,96975.73,140436.49,1.36
2016-08-09,9.04,9.23,9.18,9.01,107114.1,0.13,1.44,9.004,9.029,9.481,83128.7,119928.51,148334.0,1.99
2016-08-08,8.88,9.06,9.05,8.82,77572.69,0.18,2.03,8.948,9.113,9.514,76612.68,126338.62,154677.32,1.44
2016-08-05,9.05,9.05,8.87,8.85,79031.89,-0.13,-1.44,8.892,9.198,9.556,87632.06,135862.22,162510.8,1.47
2016-08-04,8.95,9.04,9.0,8.88,71835.78,0.08,0.9,8.932,9.284,9.607,88452.79,142597.93,164976.18,1.34
2016-08-03,8.86,8.95,8.92,8.86,80089.06,0.02,0.23,8.966,9.377,9.659,112288.53,151833.33,173830.34,1.49
2016-08-02,8.81,8.93,8.9,8.79,74534.0,0.13,1.48,9.054,9.47,9.704,156728.32,154003.23,177434.47,1.39
2016-08-01,9.07,9.08,8.77,8.69,132669.58,-0.3,-3.31,9.278,9.573,9.757,176064.56,157369.17,184137.14,2.47
2016-07-29,9.16,9.19,9.07,9.01,83135.54,-0.1,-1.09,9.504,9.683,9.812,184092.37,161621.98,186186.48,1.55
2016-07-28,9.36,9.45,9.17,8.98,191014.47,-0.19,-2.03,9.636,9.787,9.847,196743.07,188218.27,192971.1,3.56
2016-07-27,10.02,10.09,9.36,9.29,302288.0,-0.66,-6.59,9.788,9.865,9.888,191378.14,183897.24,191600.84,5.63
2016-07-26,9.91,10.04,10.02,9.88,171215.22,0.12,1.21,9.886,9.933,9.92,151278.15,176739.49,186797.71,3.19
2016-07-25,9.73,9.94,9.9,9.69,172808.62,0.17,1.75,9.868,9.914,9.924,138673.77,183016.02,193159.6,3.22
2016-07-22,9.94,9.95,9.73,9.72,146389.03,-0.2,-2.01,9.862,9.914,9.939,139151.59,189159.38,202224.56,2.73
2016-07-21,9.84,10.05,9.93,9.8,164189.81,0.08,0.81,9.938,9.93,9.951,179693.46,187354.44,216513.38,3.06
2016-07-20,9.93,9.98,9.85,9.82,101788.06,-0.08,-0.81,9.942,9.941,9.946,176416.35,195827.35,224329.09,1.9
2016-07-19,9.85,9.94,9.93,9.73,108193.32,0.06,0.61,9.98,9.937,9.956,202200.84,200865.7,241320.59,2.02
2016-07-18,10.11,10.11,9.87,9.8,175197.72,-0.24,-2.37,9.96,9.941,9.929,227358.27,210905.11,250946.31,3.26
2016-07-15,10.0,10.26,10.11,9.98,349098.41,0.16,1.61,9.966,9.941,9.926,239167.17,210750.97,258401.4,6.5
2016-07-14,9.96,10.07,9.95,9.87,147804.23,-0.09,-0.9,9.922,9.906,9.895,195015.41,197723.94,257046.71,2.75
2016-07-13,9.81,10.07,10.04,9.75,230710.52,0.21,2.14,9.94,9.911,9.878,215238.35,199304.44,265633.2,4.3
2016-07-12,9.92,10.0,9.83,9.53,233980.48,-0.07,-0.71,9.894,9.906,9.848,199530.56,196855.93,268244.37,4.36
2016-07-11,9.9,10.17,9.9,9.86,234242.19,0.01,0.1,9.922,9.934,9.808,194451.94,203303.17,266375.21,4.36
2016-07-08,9.97,10.03,9.89,9.85,128339.64,-0.15,-1.49,9.916,9.963,9.753,182334.78,215289.74,269804.46,2.39
2016-07-07,9.78,10.06,10.04,9.7,248918.91,0.23,2.35,9.89,9.972,9.736,200432.47,245672.32,275511.15,4.64
2016-07-06,9.91,9.94,9.81,9.76,152171.56,-0.16,-1.6,9.882,9.95,9.712,183370.53,252830.84,274281.79,2.83
2016-07-05,9.84,10.05,9.97,9.83,208587.41,0.1,1.01,9.918,9.975,9.701,194181.3,281775.48,279939.87,3.88
2016-07-04,9.66,9.92,9.87,9.64,173656.39,0.11,1.13,9.946,9.917,9.681,212154.4,290987.52,289772.24,3.23
2016-07-01,10.01,10.04,9.76,9.68,218828.06,-0.24,-2.4,10.01,9.91,9.675,248244.69,306051.84,307575.07,4.08
2016-06-30,9.99,10.08,10.0,9.88,163609.23,0.01,0.1,10.054,9.883,9.66,290912.18,316369.47,319768.2,3.05
2016-06-29,10.12,10.15,9.99,9.92,206225.41,-0.12,-1.19,10.018,9.845,9.615,322291.15,331961.96,331335.59,3.84
2016-06-28,10.11,10.17,10.11,9.9,298452.91,-0.06,-0.59,10.032,9.79,9.554,369369.66,339632.81,334720.77,5.56
2016-06-27,9.83,10.27,10.19,9.83,354107.84,0.21,2.1,9.888,9.681,9.492,369820.64,329447.25,342523.14,6.6
2016-06-24,9.72,10.18,9.98,9.28,432165.5,0.16,1.63,9.81,9.542,9.409,363858.98,324319.19,334787.71,8.05
2016-06-23,9.99,9.99,9.82,9.66,320504.09,-0.24,-2.39,9.712,9.499,9.337,341826.77,305349.98,321578.19,5.97
2016-06-22,9.39,10.29,10.06,9.27,441617.97,0.67,7.13,9.672,9.473,9.273,341632.76,295732.75,313457.94,8.23
2016-06-21,9.89,9.93,9.39,9.28,300707.78,-0.41,-4.18,9.548,9.427,9.203,309895.96,278104.26,305654.15,5.6
2016-06-20,9.43,9.9,9.8,9.4,324299.56,0.31,3.27,9.474,9.445,9.162,289073.86,288556.96,308786.1,6.04
2016-06-17,9.6,9.73,9.49,9.26,322004.44,-0.13,-1.35,9.274,9.44,9.073,284779.4,309098.3,302046.25,6.0
2016-06-16,9.38,9.79,9.62,9.34,319534.06,0.18,1.91,9.286,9.436,8.988,268873.2,323166.93,294263.92,5.95
2016-06-15,8.89,9.54,9.44,8.84,282933.94,0.42,4.66,9.274,9.384,8.914,249832.73,330709.23,284741.04,5.27
2016-06-14,8.8,9.07,9.02,8.69,196597.3,0.22,2.5,9.306,9.318,8.851,246312.57,329808.73,276684.48,3.66
2016-06-13,9.32,9.39,8.8,8.8,302827.28,-0.75,-7.85,9.416,9.302,8.802,288040.05,355599.04,273586.66,5.64
2016-06-08,9.51,9.75,9.55,9.45,242473.42,-0.01,-0.1,9.606,9.275,8.772,333417.19,345256.23,267610.05,4.52
2016-06-07,9.55,9.65,9.56,9.4,224331.73,-0.04,-0.42,9.586,9.174,8.704,377460.66,337806.39,269211.15,4.18
2016-06-06,9.6,9.7,9.6,9.42,265333.12,0.03,0.31,9.494,9.072,8.655,411585.72,331183.13,276219.71,4.94
2016-06-03,9.68,9.73,9.57,9.46,405234.72,-0.18,-1.85,9.33,8.978,8.634,413304.88,333204.03,292411.31,7.55
2016-06-02,9.4,9.88,9.75,9.32,529712.94,0.3,3.17,9.188,8.878,8.601,423158.02,329015.24,290975.0,9.87
2016-06-01,9.03,9.55,9.45,9.01,462690.78,0.35,3.85,8.944,8.705,8.561,357095.27,294994.21,274080.28,8.62
2016-05-31,8.76,9.18,9.1,8.76,394957.06,0.32,3.65,8.762,8.54,8.539,298152.12,265360.91,266299.64,7.36
2016-05-30,8.77,8.97,8.78,8.66,273928.91,-0.08,-0.9,8.65,8.443,8.519,250780.53,238772.85,253456.38,5.1
2016-05-27,8.49,9.1,8.86,8.46,454500.41,0.33,3.87,8.626,8.384,8.505,253103.18,223560.24,243250.01,8.47
2016-05-26,8.47,8.57,8.53,8.15,199399.2,-0.01,-0.12,8.568,8.302,8.488,234872.45,191574.28,225573.08,3.71
2016-05-25,8.61,8.7,8.54,8.43,167975.02,0.0,0.0,8.466,8.268,8.483,232893.15,189963.87,222014.66,3.13
2016-05-24,8.56,8.64,8.54,8.36,158099.11,-0.12,-1.39,8.318,8.233,8.48,232569.7,200615.91,218343.6,2.94
2016-05-23,8.59,8.82,8.66,8.49,285542.16,0.09,1.05,8.236,8.238,8.472,226765.17,221256.29,217044.64,5.32
2016-05-20,7.93,8.82,8.57,7.85,363346.78,0.55,6.86,8.142,8.289,8.47,194017.29,251618.59,208604.01,6.77
2016-05-19,7.85,8.16,8.02,7.82,189502.66,0.22,2.82,8.036,8.324,8.475,148276.1,252934.76,195689.19,3.53
2016-05-18,8.05,8.07,7.8,7.65,166357.8,-0.33,-4.06,8.07,8.416,8.512,147034.59,253166.35,196104.76,3.1
2016-05-17,8.21,8.22,8.13,8.01,129076.47,-0.06,-0.73,8.148,8.537,8.582,168662.13,267238.38,195235.1,2.4
2016-05-16,7.99,8.21,8.19,7.9,121802.75,0.15,1.87,8.24,8.595,8.627,215747.41,268139.9,194587.84,2.27
2016-05-13,8.1,8.22,8.04,8.01,134640.8,-0.15,-1.83,8.436,8.626,8.676,309219.9,262939.79,195456.92,2.51
2016-05-12,8.02,8.19,8.19,7.78,183295.12,0.0,0.0,8.612,8.673,8.735,357593.43,259571.88,197266.95,3.41
2016-05-11,8.61,8.64,8.19,8.15,274495.5,-0.4,-4.66,8.762,8.698,8.779,359298.11,254065.46,199760.19,5.11
2016-05-10,9.0,9.06,8.59,8.35,364502.88,-0.58,-6.33,8.926,8.727,8.815,365814.62,236071.28,191622.03,6.79
2016-05-09,8.95,9.45,9.17,8.81,589165.19,0.25,2.8,8.95,8.706,8.838,320532.4,212832.98,181727.87,10.97
2016-05-06,8.91,9.23,8.92,8.86,376508.44,-0.02,-0.22,8.816,8.65,8.821,216659.68,165589.42,158122.41,7.01
2016-05-05,8.9,8.96,8.94,8.8,191818.52,-0.07,-0.78,8.734,8.626,8.818,161550.33,138443.61,147516.97,3.57
2016-05-04,8.65,9.25,9.01,8.65,307078.09,0.3,3.44,8.634,8.607,8.826,148832.81,139043.17,146775.09,5.72
2016-05-03,8.47,8.72,8.71,8.41,138091.75,0.21,2.47,8.528,8.627,8.83,106327.94,123231.83,142464.94,2.57
2016-04-29,8.45,8.57,8.5,8.4,69801.59,-0.01,-0.12,8.462,8.659,8.836,105133.56,121035.79,143684.3,1.3
2016-04-28,8.47,8.53,8.51,8.26,100961.72,0.07,0.83,8.484,8.726,8.859,114519.17,127974.05,152224.82,1.88
2016-04-27,8.49,8.63,8.44,8.44,128230.9,-0.04,-0.47,8.518,8.797,8.874,115336.89,134962.02,155581.64,2.39
2016-04-26,8.36,8.49,8.48,8.3,94553.74,0.1,1.19,8.58,8.859,8.876,129253.54,145454.93,156479.91,1.76
2016-04-25,8.49,8.49,8.38,8.21,132119.86,-0.23,-2.67,8.726,8.903,8.887,140135.71,147172.78,160871.44,2.46
2016-04-22,8.67,8.68,8.61,8.46,116729.64,-0.07,-0.81,8.856,8.97,8.906,136938.01,150622.75,160975.16,2.17
2016-04-21,8.67,8.79,8.68,8.62,105050.32,-0.07,-0.8,8.968,8.992,8.904,141428.92,150655.39,163208.15,1.96
2016-04-20,9.19,9.25,8.75,8.47,197814.14,-0.46,-5.0,9.076,9.009,8.911,154587.15,156590.33,166819.2,3.68
2016-04-19,9.09,9.24,9.21,9.02,148964.59,0.18,1.99,9.138,9.044,8.913,161656.32,154507.01,167436.95,2.77
2016-04-18,9.06,9.1,9.03,8.91,116131.36,-0.14,-1.53,9.08,9.033,8.893,154209.85,161698.05,172644.01,2.16
2016-04-15,9.22,9.23,9.17,9.09,139184.2,-0.05,-0.54,9.084,9.013,8.874,164307.5,166332.81,179691.13,2.59
2016-04-14,9.11,9.26,9.22,9.07,170841.45,0.16,1.77,9.016,8.991,8.834,159881.86,176475.59,181110.72,3.18
2016-04-13,8.96,9.18,9.06,8.96,233159.98,0.14,1.57,8.942,8.951,8.776,158593.52,176201.26,177853.08,4.34
2016-04-12,8.99,9.04,8.92,8.79,111732.25,-0.13,-1.44,8.95,8.893,8.731,147357.7,167504.89,171644.77,2.08
2016-04-11,8.93,9.1,9.05,8.88,166619.62,0.22,2.49,8.986,8.87,8.696,169186.25,174570.11,174091.03,3.1
2016-04-08,8.78,8.87,8.83,8.66,117056.01,-0.02,-0.23,8.942,8.841,8.639,168358.12,171327.56,169452.04,2.18
2016-04-07,9.11,9.13,8.85,8.82,164399.73,-0.25,-2.75,8.966,8.816,8.591,193069.31,175760.91,168612.86,3.06
2016-04-06,9.04,9.14,9.1,8.95,176980.88,0.0,0.0,8.96,8.813,8.549,193809.0,177048.06,166499.47,3.3
2016-04-05,8.84,9.13,9.1,8.8,220875.02,0.27,3.06,8.836,8.781,8.507,187652.09,180366.88,164730.59,4.11
2016-04-01,8.89,8.93,8.83,8.61,162478.98,-0.12,-1.34,8.754,8.752,8.465,179953.97,183589.98,160588.06,3.03
2016-03-31,8.83,9.01,8.95,8.76,240611.94,0.13,1.47,8.74,8.734,8.424,174296.99,193049.46,164393.96,4.48
2016-03-30,8.55,8.83,8.82,8.53,168098.16,0.34,4.01,8.666,8.676,8.4,158452.52,185745.85,163228.91,3.13
2016-03-29,8.65,8.71,8.48,8.38,146196.34,-0.21,-2.42,8.666,8.601,8.373,160287.12,179504.89,163000.22,2.72
2016-03-28,8.79,8.93,8.69,8.67,182384.41,-0.07,-0.8,8.726,8.569,8.342,173081.68,175784.65,161972.91,3.4
2016-03-25,8.6,8.77,8.76,8.58,134194.12,0.18,2.1,8.75,8.522,8.289,187225.98,173611.94,159629.01,2.5
2016-03-24,8.61,8.78,8.58,8.58,161389.55,-0.24,-2.72,8.728,8.436,8.254,211801.92,167576.51,158763.6,3.01
2016-03-23,8.75,8.82,8.82,8.6,177271.19,0.04,0.46,8.686,8.366,8.221,213039.19,161464.8,161975.08,3.3
2016-03-22,8.76,8.96,8.78,8.72,210169.12,-0.03,-0.34,8.536,8.285,8.22,198722.67,155950.89,161684.36,3.91
2016-03-21,8.78,8.84,8.81,8.7,253105.94,0.16,1.85,8.412,8.232,8.215,178487.61,149094.29,159319.31,4.71
2016-03-18,8.38,8.68,8.65,8.32,257073.8,0.28,3.35,8.294,8.178,8.214,159997.9,137586.14,156779.21,4.79
2016-03-17,8.1,8.43,8.37,8.08,167575.88,0.3,3.72,8.144,8.114,8.215,123351.1,135738.46,154839.07,3.12
2016-03-16,8.18,8.25,8.07,8.0,105688.59,-0.09,-1.1,8.046,8.124,8.217,109890.42,140711.97,156744.42,1.97
2016-03-15,8.2,8.26,8.16,8.1,108993.85,-0.06,-0.73,8.034,8.144,8.232,113179.11,146495.56,159794.84,2.03
2016-03-14,7.99,8.34,8.22,7.92,160657.39,0.32,4.05,8.052,8.114,8.237,119700.98,148161.18,162355.83,2.99
2016-03-11,7.78,7.93,7.9,7.71,73839.81,0.02,0.25,8.062,8.055,8.218,115174.37,145646.09,159404.23,1.38
2016-03-10,8.05,8.13,7.88,7.85,100272.46,-0.13,-1.62,8.084,8.071,8.219,148125.82,149950.7,160847.79,1.87
2016-03-09,8.0,8.14,8.01,7.95,122132.03,-0.24,-2.91,8.202,8.075,8.229,171533.52,162485.36,162726.93,2.27
2016-03-08,8.23,8.26,8.25,7.82,141603.2,-0.02,-0.24,8.254,8.154,8.225,179812.0,167417.83,162035.07,2.64
2016-03-07,8.12,8.35,8.27,8.12,138024.34,0.26,3.25,8.176,8.197,8.208,176621.38,169544.33,161137.11,2.57
2016-03-04,8.4,8.46,8.01,7.93,238597.05,-0.46,-5.43,8.048,8.249,8.178,176117.81,175972.29,158632.74,4.44
2016-03-03,8.22,8.6,8.47,8.22,217311.0,0.2,2.42,8.058,8.316,8.168,151775.58,173939.68,152511.28,4.05
2016-03-02,7.85,8.3,8.27,7.82,163524.42,0.41,5.22,7.948,8.31,8.115,153437.2,172776.87,147183.43,3.05
2016-03-01,7.67,7.97,7.86,7.56,125650.11,0.23,3.01,8.054,8.319,8.083,155023.65,173094.12,146355.43,2.34
2016-02-29,8.04,8.05,7.63,7.4,135506.45,-0.43,-5.33,8.218,8.359,8.074,162467.27,176550.48,147551.05,2.52
2016-02-26,8.02,8.18,8.06,7.85,116885.92,0.14,1.77,8.45,8.381,8.12,175826.77,173162.38,146789.31,2.18
2016-02-25,8.73,8.78,7.92,7.92,225619.12,-0.88,-10.0,8.574,8.367,8.139,196103.77,171744.88,146052.26,4.2
2016-02-24,8.63,8.82,8.8,8.46,171456.64,0.12,1.38,8.672,8.383,8.155,192116.54,162968.49,142830.2,3.19
2016-02-23,8.77,8.85,8.68,8.51,162868.22,-0.11,-1.25,8.584,8.295,8.14,191164.6,156652.32,141995.88,3.03
2016-02-22,8.81,8.87,8.79,8.7,202303.95,0.11,1.27,8.5,8.219,8.138,190633.69,152729.89,141189.7,3.77
2016-02-19,8.36,8.88,8.68,8.32,218270.94,0.27,3.21,8.312,8.107,8.114,170497.98,141293.18,136906.4,4.07
2016-02-18,8.4,8.6,8.41,8.34,205682.95,0.05,0.6,8.16,8.02,8.084,147385.99,131082.87,132547.61,3.83
2016-02-17,8.23,8.38,8.36,8.12,166696.92,0.1,1.21,8.094,7.92,8.088,133820.44,121589.98,130060.03,3.11
2016-02-16,7.9,8.31,8.26,7.86,160213.69,0.41,5.22,8.006,7.846,8.077,122140.04,119616.73,128602.82,2.98
2016-02-15,7.62,7.93,7.85,7.52,101625.42,-0.07,-0.88,7.938,7.789,8.089,114826.1,118551.62,127972.38,1.89
2016-02-05,8.1,8.12,7.92,7.91,102710.99,-0.16,-1.98,7.902,7.858,8.116,112088.38,120416.25,133157.47,1.91
2016-02-04,7.94,8.15,8.08,7.9,137855.19,0.16,2.02,7.88,7.911,8.186,114779.75,120359.64,137184.02,2.57
2016-02-03,7.81,7.96,7.92,7.7,108294.92,0.0,0.0,7.746,7.927,8.245,109359.52,122691.9,132303.01,2.02
2016-02-02,7.72,8.03,7.92,7.67,123643.97,0.25,3.26,7.686,7.985,8.364,117093.43,127339.44,134698.17,2.3
2016-02-01,7.82,7.82,7.67,7.51,87936.85,-0.14,-1.79,7.64,8.057,8.469,122277.15,129649.5,140233.92,1.64
2016-01-29,7.42,7.84,7.81,7.34,116167.84,0.4,5.4,7.814,8.121,8.61,128744.12,132519.61,148578.7,2.16
2016-01-28,7.48,7.7,7.41,7.36,110754.02,-0.21,-2.76,7.942,8.147,8.802,125939.53,134012.35,153953.34,2.06
2016-01-27,7.78,7.8,7.62,7.2,146964.45,-0.07,-0.91,8.108,8.255,9.036,136024.28,138530.08,164413.64,2.74
2016-01-26,8.45,8.45,7.69,7.69,149562.59,-0.85,-9.95,8.284,8.307,9.241,137585.45,137588.9,165248.68,2.79
2016-01-25,8.56,8.67,8.54,8.4,120271.69,0.09,1.06,8.474,8.389,9.428,137021.86,137393.13,173216.08,2.24
2016-01-22,8.39,8.51,8.45,8.15,102144.91,0.21,2.55,8.428,8.374,9.587,136295.11,145898.69,177942.36,1.9
2016-01-21,8.38,8.72,8.24,8.24,161177.75,-0.26,-3.06,8.352,8.461,9.737,142085.16,154008.4,180716.37,3.0
2016-01-20,8.61,8.74,8.5,8.45,154770.31,-0.14,-1.62,8.402,8.563,9.904,141035.89,141914.12,185560.11,2.88
2016-01-19,8.3,8.68,8.64,8.25,146744.62,0.33,3.97,8.33,8.742,10.059,137592.35,142056.91,188439.11,2.73
2016-01-18,7.93,8.43,8.31,7.89,116637.96,0.24,2.97,8.304,8.88,10.205,137764.4,150818.33,191533.8,2.17
2016-01-15,8.39,8.52,8.07,7.97,131095.16,-0.42,-4.95,8.32,9.098,10.356,155502.28,164637.78,197081.07,2.44
2016-01-14,7.9,8.51,8.49,7.78,155931.38,0.35,4.3,8.57,9.456,10.529,165931.63,173894.33,203967.54,2.9
2016-01-13,8.58,8.7,8.14,8.14,137552.62,-0.37,-4.35,8.724,9.816,10.667,142792.36,190297.21,205314.53,2.56
2016-01-12,8.41,8.58,8.51,8.25,147604.88,0.12,1.43,9.154,10.174,10.826,146521.46,192908.46,209134.67,2.75
2016-01-11,9.12,9.15,8.39,8.39,205327.34,-0.93,-9.98,9.456,10.467,10.96,163872.26,209039.03,209507.29,3.82
2016-01-08,9.53,9.62,9.32,8.81,183241.94,0.06,0.65,9.876,10.799,11.084,173773.29,209986.02,206677.89,3.41
2016-01-07,10.09,10.09,9.26,9.26,40235.0,-1.03,-10.01,10.342,11.013,11.155,181857.02,207424.34,205163.02,0.75
2016-01-06,10.06,10.3,10.29,9.93,156198.16,0.27,2.69,10.908,11.245,11.225,237802.05,229206.11,212828.36,2.91
2016-01-05,9.83,10.36,10.02,9.5,234358.88,-0.47,-4.48,11.194,11.376,11.257,239295.45,234821.31,217580.27,4.37
2016-01-04,11.54,11.64,10.49,10.49,254832.48,-1.16,-9.96,11.478,11.529,11.332,254205.8,232249.26,216400.69,4.75
2015-12-31,12.09,12.15,11.65,11.61,223660.59,-0.44,-3.64,11.722,11.614,11.372,246198.76,229524.36,216329.68,4.17
2015-12-30,11.74,12.18,12.09,11.69,319960.16,0.37,3.16,11.684,11.602,11.371,232991.66,234040.76,219080.99,5.96
2015-12-29,11.4,11.72,11.72,11.29,163665.16,0.28,2.45,11.582,11.517,11.332,220610.16,220331.85,217087.59,3.05
2015-12-28,11.75,12.04,11.44,11.4,308910.62,-0.27,-2.31,11.558,11.478,11.335,230347.17,225360.88,223369.08,5.75
2015-12-25,11.49,11.76,11.71,11.45,214797.25,0.25,2.18,11.58,11.453,11.364,210292.73,209975.54,226677.53,4.0
2015-12-24,11.55,11.59,11.46,11.25,157625.09,-0.12,-1.04,11.506,11.368,11.343,212849.97,203369.76,234075.76,2.94
2015-12-23,11.61,11.84,11.58,11.55,258052.69,-0.02,-0.17,11.52,11.297,11.383,235089.86,202901.69,244494.74,4.81
2015-12-22,11.55,11.62,11.6,11.37,212350.19,0.05,0.43,11.452,11.204,11.431,220053.53,196450.6,252118.43,3.96
2015-12-21,11.26,11.55,11.55,11.26,208638.41,0.21,1.85,11.398,11.137,11.461,220374.59,200339.22,261334.92,3.89
2015-12-18,11.44,11.61,11.34,11.27,227583.48,-0.19,-1.65,11.326,11.135,11.462,209658.35,200552.11,268739.1,4.24
2015-12-17,11.33,11.58,11.53,11.27,268824.53,0.29,2.58,11.23,11.129,11.492,193889.54,203135.0,284321.98,5.01
2015-12-16,11.32,11.38,11.24,11.15,182871.06,-0.09,-0.79,11.074,11.14,11.49,170713.52,204121.22,283553.04,3.41
2015-12-15,11.19,11.41,11.33,11.06,213955.48,0.14,1.25,10.956,11.146,11.476,172847.67,213843.33,287218.4,3.99
2015-12-14,10.8,11.19,11.19,10.7,155057.2,0.33,3.04,10.876,11.191,11.478,180303.85,221377.29,299120.45,2.89
2015-12-11,10.71,10.98,10.86,10.62,148739.44,0.11,1.02,10.944,11.275,11.503,191445.87,243379.52,308523.73,2.77
2015-12-10,10.72,10.85,10.75,10.6,152944.44,0.1,0.94,11.028,11.317,11.519,212380.46,264781.77,319289.71,2.85
2015-12-09,10.84,10.98,10.65,10.58,193541.81,-0.28,-2.56,11.206,11.469,11.544,237528.92,286087.78,335763.62,3.6
2015-12-08,11.48,11.48,10.93,10.93,251236.38,-0.6,-5.2,11.336,11.657,11.574,254838.99,307786.26,342584.17,4.68
2015-12-07,11.36,11.55,11.53,11.28,210767.3,0.25,2.22,11.506,11.784,11.572,262450.72,322330.62,345123.66,3.93
2015-12-04,11.49,11.79,11.28,11.24,253412.38,-0.36,-3.09,11.606,11.789,11.534,295313.16,336926.08,350876.9,4.72
2015-12-03,11.26,11.64,11.64,11.17,278686.75,0.34,3.01,11.606,11.855,11.513,317183.07,365508.95,357591.76,5.19
2015-12-02,11.73,11.83,11.3,10.68,280092.16,-0.48,-4.08,11.732,11.84,11.446,334646.64,362984.85,365609.25,5.22
2015-12-01,11.85,11.98,11.78,11.56,289295.03,-0.25,-2.08,11.978,11.806,11.407,360733.53,360593.46,364369.46,5.39
2015-11-30,11.31,12.08,12.03,10.81,375079.5,0.75,6.65,12.062,11.765,11.318,382210.52,376863.61,361724.98,6.99
2015-11-27,12.16,12.48,11.28,11.05,362761.91,-0.99,-8.07,11.972,11.73,11.23,378538.99,373667.94,364298.04,6.76
2015-11-26,12.48,12.84,12.27,12.2,366004.59,-0.26,-2.08,12.104,11.72,11.173,413834.83,373797.65,358892.72,6.82
2015-11-25,12.11,12.67,12.53,11.99,410526.62,0.33,2.71,11.948,11.619,11.061,391323.06,385439.46,351518.25,7.65
2015-11-24,11.51,12.31,12.2,11.48,396680.0,0.62,5.35,11.634,11.491,10.925,360453.39,377382.08,342969.08,7.39
2015-11-23,11.9,11.95,11.58,11.47,356721.84,-0.36,-3.02,11.468,11.36,10.809,371516.69,367916.69,333429.56,6.64
2015-11-20,11.54,12.19,11.94,11.43,539241.12,0.45,3.92,11.488,11.278,10.717,368796.89,364827.72,325726.75,10.04
2015-11-19,11.1,11.49,11.49,10.97,253445.72,0.53,4.84,11.336,11.17,10.599,333760.46,349674.57,307331.97,4.72
2015-11-18,11.42,11.45,10.96,10.9,256178.27,-0.41,-3.61,11.29,11.051,10.487,379555.86,368233.64,302313.7,4.77
2015-11-17,11.68,11.99,11.37,11.22,451996.5,-0.31,-2.65,11.348,11.008,10.386,394310.76,368145.47,301964.72,8.42
2015-11-16,10.96,11.68,11.68,10.9,343122.84,0.5,4.47,11.252,10.871,10.296,364316.69,346586.36,287095.93,6.39
2015-11-13,11.1,11.59,11.18,10.8,364058.97,-0.08,-0.71,11.068,10.73,10.179,360858.54,354928.14,278590.6,6.78
2015-11-12,11.21,11.75,11.26,10.9,482422.72,0.01,0.09,11.004,10.626,10.092,365588.67,343987.79,269753.2,8.99
2015-11-11,10.85,11.3,11.25,10.78,329952.78,0.36,3.31,10.812,10.502,9.997,356911.42,317597.04,253886.69,6.15
2015-11-10,10.7,10.94,10.89,10.62,302026.12,0.13,1.21,10.668,10.359,9.885,341980.17,308556.09,243568.48,5.63
2015-11-09,10.7,10.91,10.76,10.54,325832.12,-0.1,-0.92,10.49,10.257,9.802,328856.04,298942.43,236337.61,6.07
2015-11-06,10.31,10.89,10.86,10.31,387709.62,0.56,5.44,10.392,10.155,9.723,348997.74,286625.78,229439.11,7.22
2015-11-05,10.55,10.6,10.3,10.18,439036.47,-0.23,-2.18,10.248,10.027,9.617,322386.9,264989.37,216485.49,8.18
2015-11-04,10.02,10.55,10.53,10.02,255296.53,0.53,5.3,10.192,9.922,9.527,278282.65,236393.76,201149.1,4.76
2015-11-03,10.08,10.33,10.0,9.83,236405.45,-0.27,-2.63,10.05,9.764,9.408,275132.0,235783.98,188456.57,4.4
2015-11-02,10.17,10.73,10.27,9.99,426540.62,0.13,1.28,10.024,9.72,9.315,269028.82,227605.5,179751.96,7.94
2015-10-30,9.93,10.25,10.14,9.65,254655.44,0.12,1.2,9.918,9.628,9.207,224253.81,202253.07,161760.79,4.74
2015-10-29,9.82,10.17,10.02,9.68,218515.23,0.2,2.04,9.806,9.558,9.114,207591.84,195518.6,152845.72,4.07
2015-10-28,9.79,10.18,9.82,9.59,239543.27,-0.05,-0.51,9.652,9.491,9.018,194504.86,190176.34,146994.02,4.46
2015-10-27,9.63,9.95,9.87,9.21,205889.56,0.13,1.33,9.478,9.411,8.949,196435.95,178580.88,139371.94,3.83
2015-10-26,9.72,9.92,9.74,9.61,202665.56,0.16,1.67,9.416,9.346,8.868,186182.18,173732.78,133674.05,3.77
2015-10-23,9.2,9.69,9.58,9.2,171345.56,0.33,3.57,9.338,9.291,8.804,180252.32,172252.45,128950.58,3.19
2015-10-22,8.95,9.28,9.25,8.81,153080.33,0.3,3.35,9.31,9.206,8.747,183445.37,167981.61,125807.53,2.85
2015-10-21,9.56,9.84,8.95,8.76,249198.75,-0.61,-6.38,9.33,9.131,8.69,185847.83,165904.44,122831.38,4.64
2015-10-20,9.3,9.56,9.56,9.28,154620.72,0.21,2.25,9.344,9.052,8.643,160725.8,141129.16,117358.9,2.88
2015-10-19,9.48,9.52,9.35,9.21,173016.25,-0.09,-0.95,9.276,8.909,8.572,161283.38,131898.41,115752.39,3.22
2015-10-16,9.41,9.48,9.44,9.16,187310.81,0.09,0.96,9.244,8.785,8.475,164252.58,121268.52,112377.03,3.49
2015-10-15,9.02,9.36,9.35,8.99,165092.61,0.33,3.66,9.102,8.669,8.404,152517.84,110172.84,110788.43,3.08
2015-10-14,9.12,9.22,9.02,9.01,123588.63,-0.2,-2.17,8.932,8.544,8.381,145961.05,103811.7,106779.53,2.3
2015-10-13,9.06,9.26,9.22,9.01,157408.61,0.03,0.33,8.76,8.486,8.372,121532.52,100163.0,106662.47,2.93
2015-10-12,8.77,9.26,9.19,8.66,187862.25,0.46,5.27,8.542,8.39,8.369,102513.44,93615.32,108463.16,3.5
2015-10-09,8.5,8.8,8.73,8.48,128637.12,0.23,2.71,8.326,8.317,8.357,78284.46,85648.71,104976.72,2.4
2015-10-08,8.5,8.64,8.5,8.35,132308.64,0.37,4.55,8.236,8.287,8.341,67827.84,83633.45,105167.61,2.46
2015-10-07,8.15,8.18,8.16,8.14,1446.0,0.03,0.37,8.156,8.249,8.324,61662.35,79758.33,107024.06,0.03
2015-09-30,8.15,8.21,8.13,8.06,62313.18,0.02,0.25,8.212,8.234,8.316,78793.48,93588.65,114147.5,1.16
2015-09-29,8.14,8.25,8.11,8.02,66717.36,-0.17,-2.05,8.238,8.235,8.34,84717.19,99606.37,117879.33,1.24
2015-09-28,8.11,8.3,8.28,7.99,76354.02,0.18,2.22,8.308,8.165,8.39,93012.95,103485.55,126079.13,1.42
2015-09-25,8.38,8.51,8.1,8.0,101481.19,-0.34,-4.03,8.338,8.138,8.4,99439.06,111404.01,129027.73,1.89
2015-09-24,8.32,8.49,8.44,8.3,87101.66,0.18,2.18,8.342,8.218,8.394,97854.31,109747.37,134287.01,1.62
2015-09-23,8.3,8.45,8.26,8.13,91931.73,-0.2,-2.36,8.256,8.258,8.391,108383.81,113161.94,138515.73,1.71
2015-09-22,8.43,8.62,8.46,8.35,108196.17,0.03,0.36,8.232,8.348,8.444,114495.55,123311.0,139242.9,2.02
2015-09-21,8.0,8.47,8.43,7.9,108484.56,0.31,3.82,8.022,8.396,8.538,113958.14,124304.74,143375.83,2.02
2015-09-18,8.09,8.17,8.12,7.92,93557.42,0.11,1.37,7.938,8.394,8.686,123368.96,126701.77,149359.64,1.74
2015-09-17,8.08,8.41,8.01,8.0,139749.17,-0.13,-1.6,8.094,8.399,8.852,121640.42,134289.78,155513.23,2.6
2015-09-16,7.59,8.15,8.14,7.51,122490.44,0.73,9.85,8.26,8.398,9.007,117940.06,134706.36,163707.17,2.28
2015-09-15,7.71,8.01,7.41,7.32,105509.1,-0.6,-7.49,8.464,8.444,9.217,132126.45,136152.28,169204.24,1.97
2015-09-14,9.0,9.03,8.01,8.01,155538.66,-0.89,-10.0,8.77,8.614,9.448,134651.34,148672.7,177921.62,2.9
2015-09-11,8.77,9.02,8.9,8.72,84914.74,0.06,0.68,8.85,8.661,9.646,130034.58,146651.45,180437.46,1.58
2015-09-10,9.0,9.09,8.84,8.8,121247.38,-0.32,-3.49,8.704,8.57,9.782,146939.14,158826.66,186166.54,2.26
2015-09-09,8.88,9.26,9.16,8.84,193422.38,0.22,2.46,8.536,8.524,9.931,151472.65,163869.53,193308.64,3.6
2015-09-08,8.33,9.08,8.94,8.27,118133.55,0.53,6.3,8.424,8.539,10.067,140178.11,155174.8,198189.14,2.2
2015-09-07,8.24,8.71,8.41,8.22,132454.83,0.24,2.94,8.458,8.679,10.188,162694.07,162446.93,203606.84,2.47
2015-09-02,7.7,8.33,8.17,7.51,169437.56,0.17,2.12,8.472,8.978,10.314,163268.32,172017.52,204443.38,3.16
2015-09-01,8.6,8.65,8.0,7.95,143914.91,-0.6,-6.98,8.436,9.304,10.444,170714.17,176736.68,206337.76,2.68
2015-08-31,9.03,9.03,8.6,8.55,136949.69,-0.51,-5.6,8.512,9.615,10.599,176266.41,192707.98,209250.45,2.55
2015-08-28,8.62,9.14,9.11,8.5,230713.34,0.63,7.43,8.654,9.989,10.684,170171.49,202256.2,212086.78,4.3
2015-08-27,8.21,8.5,8.48,7.9,135326.09,0.49,6.13,8.9,10.281,10.747,162199.79,207170.54,208890.38,2.52
2015-08-26,8.45,8.78,7.99,7.9,206666.84,-0.39,-4.65,9.484,10.631,10.837,180766.72,214223.47,213632.89,3.85
2015-08-25,8.4,8.86,8.38,8.38,171676.11,-0.93,-9.99,10.172,10.994,10.97,182759.18,213506.42,214735.43,3.2
2015-08-24,9.85,9.88,9.31,9.31,106475.07,-1.03,-9.96,10.718,11.338,11.051,209149.54,222747.75,224319.53,1.98
2015-08-21,11.01,11.18,10.34,10.32,190854.84,-1.06,-9.3,11.324,11.595,11.112,234340.91,241203.48,233406.74,3.55
2015-08-20,11.3,11.99,11.4,11.25,228160.73,-0.03,-0.26,11.662,11.696,11.18,252141.29,244766.75,243128.83,4.25
2015-08-19,10.77,11.48,11.43,10.02,216629.14,0.32,2.88,11.778,11.65,11.219,247680.22,236869.23,250307.71,4.04
2015-08-18,12.43,12.44,11.11,11.11,303627.91,-1.23,-9.97,11.816,11.584,11.242,244253.65,235938.84,257832.54,5.66
2015-08-17,11.95,12.36,12.34,11.88,232431.92,0.31,2.58,11.958,11.582,11.258,236345.97,225792.93,256742.12,4.33
2015-08-14,12.04,12.28,12.03,11.93,279856.75,0.05,0.42,11.866,11.379,11.206,248066.04,221917.35,262777.45,5.21
2015-08-13,11.55,11.99,11.98,11.4,205855.38,0.36,3.1,11.73,11.213,11.166,237392.22,210610.21,264995.81,3.83
2015-08-12,11.7,11.95,11.62,11.6,199496.31,-0.2,-1.69,11.522,11.043,11.089,226058.25,213042.3,268932.45,3.72
2015-08-11,11.8,12.03,11.82,11.7,264089.5,-0.06,-0.51,11.352,10.946,11.02,227624.02,215964.45,275663.24,4.92
2015-08-10,11.54,11.99,11.88,11.3,291032.28,0.53,4.67,11.206,10.764,10.998,215239.89,225891.31,294191.11,5.42
2015-08-07,11.02,11.35,11.35,11.02,226487.62,0.41,3.75,10.892,10.629,10.96,195768.66,225610.0,301228.2,4.22
2015-08-06,10.43,11.0,10.94,10.31,149185.53,0.17,1.58,10.696,10.664,10.899,183828.2,241490.9,296277.62,2.78
2015-08-05,11.03,11.27,10.77,10.72,207325.17,-0.32,-2.88,10.564,10.788,10.812,200026.35,263746.19,300234.63,3.86
2015-08-04,10.3,11.11,11.09,10.29,202168.86,0.78,7.57,10.54,10.899,10.691,204304.88,279726.25,326169.81,3.77
2015-08-03,10.23,10.35,10.31,9.84,193676.12,-0.06,-0.58,10.322,10.934,10.587,236542.73,287691.31,327843.04,3.61
2015-07-31,10.1,10.47,10.37,10.08,166785.34,0.09,0.88,10.366,11.032,10.571,255451.35,303637.56,342381.7,3.11
2015-07-30,10.63,11.09,10.28,10.17,230176.28,-0.37,-3.47,10.632,11.118,10.568,299153.59,319381.4,350001.54,4.29
2015-07-29,10.18,10.7,10.65,9.74,228717.81,0.65,6.5,11.012,11.134,10.617,327466.03,324822.59,354203.82,4.26
2015-07-28,9.99,10.5,10.0,9.48,363358.09,-0.53,-5.03,11.258,11.093,10.696,355147.62,335362.02,359257.95,6.77
2015-07-27,11.31,11.76,10.53,10.53,288219.22,-1.17,-10.0,11.546,11.231,10.869,338839.89,362490.91,359510.99,5.37
2015-07-24,12.18,12.29,11.7,11.59,385296.56,-0.48,-3.94,11.698,11.291,10.97,351823.76,376846.39,363122.67,7.18
2015-07-23,11.8,12.28,12.18,11.66,371738.47,0.3,2.52,11.604,11.133,11.083,339609.22,351064.35,359692.31,6.92
2015-07-22,11.4,11.98,11.88,11.25,367125.75,0.44,3.85,11.256,10.835,11.249,322179.16,336723.06,352764.95,6.84
2015-07-21,11.1,11.6,11.44,10.92,281819.44,0.15,1.33,10.928,10.483,11.482,315576.42,372613.38,347216.83,5.25
2015-07-20,11.25,11.62,11.29,11.0,353138.59,0.06,0.53,10.916,10.239,11.714,386141.94,367994.78,343519.17,6.58
2015-07-17,10.46,11.43,11.23,10.46,324223.84,0.79,7.57,10.884,10.11,11.931,401869.01,381125.85,338977.05,6.04
2015-07-16,10.21,10.86,10.44,9.46,284588.16,0.2,1.95,10.662,10.017,12.234,362519.48,380621.68,333768.54,5.3
2015-07-15,10.92,11.13,10.24,10.24,334112.09,-1.14,-10.02,10.414,10.1,12.632,351266.97,383585.05,332405.33,6.22
2015-07-14,11.05,11.89,11.38,10.75,634647.0,0.25,2.25,10.038,10.298,13.027,429650.34,383153.89,332774.79,11.82
2015-07-13,11.08,11.13,11.13,10.52,431773.97,1.01,9.98,9.562,10.506,13.433,349847.63,356531.07,320851.0,8.04
2015-07-10,9.78,10.12,10.12,9.58,127476.18,0.92,10.0,9.336,10.649,13.842,360382.68,349398.94,321519.82,2.37
2015-07-09,8.35,9.2,9.2,8.35,228325.59,0.84,10.05,9.372,11.032,14.283,398723.87,368320.27,332523.2,4.25
2015-07-08,8.1,8.95,8.36,8.1,726028.94,-0.64,-7.11,9.786,11.662,14.745,415903.13,368806.84,336308.76,13.52
2015-07-07,9.39,9.62,9.0,9.0,235633.45,-1.0,-10.0,10.558,12.481,15.233,336657.44,321820.28,313623.92,4.39
2015-07-06,11.33,11.33,10.0,9.27,484449.25,-0.3,-2.91,11.45,13.189,15.674,363214.51,319043.56,320774.86,9.02
2015-07-03,11.0,11.74,10.3,10.16,319182.12,-0.97,-8.61,11.962,13.751,16.098,338415.21,296828.25,316514.51,5.95
2015-07-02,12.17,12.5,11.27,11.1,314221.88,-0.95,-7.77,12.692,14.45,16.497,337916.67,286915.4,322094.08,5.85
2015-07-01,13.14,13.64,12.22,12.2,329800.5,-1.24,-9.21,13.538,15.163,16.871,321710.55,281225.62,330338.39,6.14
2015-06-30,12.47,13.55,13.46,11.33,368418.78,0.9,7.17,14.404,15.755,17.208,306983.11,282395.69,336733.88,6.86
2015-06-29,14.2,14.3,12.56,12.56,360452.75,-1.39,-9.96,14.928,16.359,17.454,274872.62,285170.94,343871.54,6.71
2015-06-26,15.15,15.18,13.95,13.95,316689.44,-1.55,-10.0,15.54,17.034,17.68,255241.3,293640.71,351086.98,5.9
2015-06-25,16.53,16.53,15.5,15.2,233191.3,-0.95,-5.78,16.208,17.534,17.777,235914.12,296726.14,361448.73,4.34
2015-06-24,16.16,16.57,16.55,15.95,256163.3,0.47,2.92,16.788,17.827,17.872,240740.68,303810.69,374723.44,4.77
2015-06-23,15.73,16.13,16.08,14.85,207866.3,0.46,2.94,17.106,17.984,17.894,257808.27,305427.56,387620.87,3.87
2015-06-19,17.0,17.02,15.62,15.56,262296.16,-1.67,-9.66,17.79,18.159,17.928,295469.26,322506.16,401085.53,4.89
2015-06-18,18.38,18.54,17.29,17.29,220053.55,-1.11,-6.03,18.528,18.445,17.958,332040.11,336200.77,409542.14,4.1
2015-06-17,18.14,18.49,18.4,17.28,257324.09,0.26,1.43,18.86,18.544,17.9,357538.16,357272.76,415220.56,4.79
2015-06-16,18.99,19.16,18.14,17.91,341501.25,-1.36,-6.97,18.866,18.579,17.773,366880.69,379451.16,427066.6,6.36
2015-06-15,19.32,20.21,19.5,19.0,396171.25,0.19,0.98,18.862,18.661,17.671,353046.85,391072.06,426207.97,7.38
2015-06-12,19.03,20.03,19.31,19.03,445150.41,0.36,1.9,18.528,18.548,17.498,349543.06,402572.14,429771.13,8.29
2015-06-11,18.42,18.95,18.95,18.2,347543.78,0.52,2.82,18.362,18.326,17.296,340361.44,408533.25,432962.3,6.47
2015-06-10,18.0,18.76,18.43,17.65,304036.78,0.31,1.71,18.228,18.02,17.097,357007.37,426171.32,432086.69,5.66
2015-06-09,17.84,18.4,18.12,17.69,272332.03,0.29,1.63,18.292,17.917,16.923,392021.62,445636.19,434900.0,5.07
2015-06-08,18.32,18.48,17.83,17.4,378652.31,-0.65,-3.52,18.46,17.803,16.741,429097.28,469814.19,431704.28,7.05
2015-06-05,18.69,19.25,18.48,18.06,399242.28,0.2,1.09,18.568,17.696,16.571,455601.22,479664.9,424990.64,7.44
2015-06-04,18.7,18.7,18.28,16.99,430773.47,-0.47,-2.51,18.29,17.47,16.347,476705.06,482883.51,413364.19,8.02
2015-06-03,18.92,19.8,18.75,18.5,479108.0,-0.21,-1.11,17.812,17.256,16.109,495335.26,473168.35,399318.54,8.92
2015-06-02,18.3,19.14,18.96,17.81,457710.34,0.59,3.21,17.542,16.966,15.861,499250.76,474682.04,385345.16,8.53
2015-06-01,17.47,18.75,18.37,17.29,511172.0,1.28,7.49,17.146,16.681,15.626,510531.09,461343.88,374008.85,9.52
2015-05-29,15.92,17.16,17.09,15.5,504761.5,1.2,7.55,16.824,16.447,15.466,503728.58,456970.12,361111.2,9.4
2015-05-28,17.4,17.98,15.89,15.79,523924.44,-1.51,-8.68,16.65,16.265,15.353,489061.96,457391.36,351528.69,9.76
2015-05-27,17.0,17.62,17.4,16.55,498685.5,0.42,2.47,16.7,16.174,15.306,451001.45,438002.07,338558.94,9.29
2015-05-26,16.75,17.14,16.98,16.48,514112.03,0.22,1.31,16.39,15.929,15.16,450113.33,424163.81,328910.08,9.58
2015-05-25,16.08,16.93,16.76,15.91,477159.41,0.54,3.33,16.216,15.678,15.066,412156.67,393594.37,318458.92,8.89
2015-05-22,16.29,16.44,16.22,15.81,431428.41,0.08,0.5,16.07,15.445,14.982,410211.67,370316.38,313623.11,8.04
2015-05-21,15.75,16.34,16.14,15.71,333621.88,0.29,1.83,15.88,15.223,14.948,425720.75,343844.86,319977.46,6.21
2015-05-20,16.2,16.75,15.85,15.8,494244.91,-0.26,-1.61,15.648,14.961,14.872,425002.69,325468.73,318260.8,9.21
2015-05-19,15.98,16.15,16.11,15.6,324328.75,0.08,0.5,15.468,14.755,14.793,398214.28,296008.29,304983.95,6.04
2015-05-18,15.1,16.34,16.03,15.02,467434.38,0.76,4.98,15.14,14.571,14.685,375032.07,286673.81,304926.03,8.71
2015-05-15,14.89,15.9,15.27,14.82,508973.84,0.29,1.94,14.82,14.484,14.614,330421.1,265252.27,296647.95,9.48
2015-05-14,14.85,15.34,14.98,14.79,330031.56,0.03,0.2,14.566,14.441,14.578,261968.98,245666.03,280527.09,6.15
2015-05-13,14.39,15.17,14.95,14.3,360302.88,0.48,3.32,14.274,14.437,14.549,225934.78,239115.82,274546.45,6.71
2015-05-12,14.4,14.58,14.47,14.17,208417.67,0.04,0.28,14.042,14.391,14.548,193802.29,233656.36,271615.05,3.88
2015-05-11,14.16,14.52,14.43,14.0,244379.53,0.43,3.07,14.002,14.454,14.581,198315.55,243323.47,277670.58,4.55
2015-05-08,13.79,14.05,14.0,13.65,166713.25,0.48,3.55,14.148,14.519,14.598,200083.45,256929.84,277653.0,3.11
2015-05-07,13.66,13.98,13.52,13.47,149860.55,-0.27,-1.96,14.316,14.673,14.621,229363.09,296110.05,282575.34,2.79
2015-05-06,14.32,14.6,13.79,13.56,199640.45,-0.48,-3.36,14.6,14.783,14.674,252296.86,311052.87,293630.88,3.72
2015-05-05,15.18,15.27,14.27,14.27,230983.98,-0.89,-5.87,14.74,14.831,14.743,273510.43,313959.62,301330.66,4.3
2015-05-04,14.85,15.2,15.16,14.61,253219.03,0.32,2.16,14.906,14.799,14.785,288331.39,323178.25,310113.88,4.72
2015-04-30,14.86,15.35,14.84,14.83,313111.44,-0.1,-0.67,14.89,14.743,14.765,313776.22,328043.63,315665.19,5.83
2015-04-29,14.39,15.03,14.94,14.34,264529.38,0.45,3.11,15.03,14.715,14.757,362857.01,315388.15,320114.67,4.93
2015-04-28,14.99,15.0,14.49,14.32,305708.34,-0.61,-4.04,14.966,14.661,14.718,369808.88,309977.08,325789.49,5.69
2015-04-27,15.16,15.4,15.1,14.85,305088.78,0.02,0.13,14.922,14.705,14.709,354408.81,309573.74,335452.94,5.68
2015-04-24,15.25,15.39,15.08,14.87,380443.16,-0.46,-2.96,14.692,14.708,14.687,358025.1,312017.68,336689.84,7.09
2015-04-23,14.7,15.58,15.54,14.53,558515.38,0.92,6.29,14.596,14.676,14.653,342311.05,298376.16,347763.3,10.4
2015-04-22,14.31,14.72,14.62,14.31,299288.75,0.35,2.45,14.4,14.568,14.602,267919.29,269040.64,344422.29,5.57
2015-04-21,13.95,14.36,14.27,13.9,228707.98,0.32,2.29,14.356,14.565,14.531,250145.28,276208.89,342317.74,4.26
2015-04-20,14.39,14.39,13.95,13.87,323170.25,-0.65,-4.45,14.488,14.655,14.488,264738.66,288701.69,342274.56,6.02
2015-04-17,14.66,14.74,14.6,14.31,301872.88,0.04,0.28,14.724,14.77,14.455,266010.26,297049.52,341348.84,5.62
2015-04-16,14.36,14.76,14.56,14.01,186556.58,0.16,1.11,14.756,14.787,14.374,254441.26,303286.74,336556.43,3.47
2015-04-15,14.91,15.09,14.4,14.32,210418.72,-0.53,-3.55,14.736,14.799,14.296,270161.98,324841.19,337968.2,3.92
2015-04-14,15.08,15.37,14.93,14.81,301674.88,-0.2,-1.32,14.774,14.775,14.215,302272.49,341601.9,338354.6,5.62
2015-04-13,14.79,15.32,15.13,14.74,329528.25,0.37,2.51,14.822,14.712,14.106,312664.71,361332.15,332856.65,6.14
2015-04-10,14.4,14.99,14.76,14.28,244027.88,0.3,2.08,14.816,14.666,13.976,328088.77,361361.99,323506.51,4.55
2015-04-09,14.66,14.66,14.46,13.83,265160.19,-0.13,-0.89,14.818,14.629,13.85,352132.22,397150.44,316725.1,4.94
2015-04-08,15.18,15.18,14.59,14.44,370971.25,-0.58,-3.82,14.862,14.635,13.745,379520.4,419803.94,309468.16,6.91
2015-04-07,15.1,15.32,15.17,14.96,353636.0,0.07,0.46,14.776,14.496,13.639,380931.31,408426.59,298259.72,6.59
2015-04-03,14.74,15.2,15.1,14.6,406648.53,0.33,2.23,14.602,14.32,13.498,409999.59,395847.43,285188.7,7.57
2015-04-02,14.68,14.8,14.77,14.43,364245.12,0.09,0.61,14.516,14.14,13.354,394635.2,385648.17,270792.29,6.78
2015-04-01,14.18,14.75,14.68,14.18,402101.09,0.52,3.67,14.44,13.961,13.243,442168.67,369826.12,260600.28,7.49
2015-03-31,14.28,14.45,14.16,14.07,378025.81,-0.14,-0.98,14.408,13.792,13.134,460087.47,351095.21,250473.06,7.04
2015-03-30,14.51,14.87,14.3,14.16,498977.38,-0.37,-2.52,14.216,13.655,13.028,435921.87,335107.29,239326.21,9.29
2015-03-27,14.28,15.09,14.67,14.13,329826.62,0.28,1.95,14.038,13.499,12.929,381695.27,304381.16,223998.85,7.49
2015-03-26,14.78,15.29,14.39,14.3,601912.44,-0.13,-0.9,13.764,13.286,12.801,376661.13,285651.04,213873.32,13.67
2015-03-25,13.11,14.52,14.52,12.96,491695.12,1.32,10.0,13.482,13.071,12.682,297483.58,236299.76,188953.78,11.17
2015-03-24,13.41,13.42,13.2,12.55,257197.8,-0.21,-1.57,13.176,12.854,12.557,242102.94,199132.38,171270.79,5.84
2015-03-23,13.36,13.49,13.41,13.27,227844.39,0.11,0.83,13.094,12.782,12.496,234292.71,188092.85,158598.3,5.17
2015-03-20,13.03,13.48,13.3,12.94,304655.88,0.32,2.46,12.96,12.676,12.42,227067.04,174529.98,151911.69,6.92
2015-03-19,12.91,13.11,12.98,12.8,206024.69,-0.01,-0.08,12.808,12.567,12.352,194640.95,155936.41,143675.86,4.68
2015-03-18,12.8,13.07,12.99,12.69,214791.95,0.2,1.56,12.66,12.524,12.279,175115.95,151374.43,137355.28,4.88
2015-03-17,12.82,12.85,12.79,12.55,218146.66,0.05,0.39,12.532,12.475,12.198,156161.82,149850.92,128794.3,4.95
2015-03-16,12.62,12.83,12.74,12.58,191716.02,0.2,1.59,12.47,12.4,12.126,141892.99,143545.12,119866.46,4.35
2015-03-13,12.29,12.58,12.54,12.19,142525.45,0.3,2.45,12.392,12.359,12.052,121992.91,143616.53,112099.78,3.24
2015-03-12,12.37,12.48,12.24,12.08,108399.66,-0.11,-0.89,12.326,12.315,11.981,117231.88,142095.6,107191.87,2.46
2015-03-11,12.5,12.57,12.35,12.27,120021.33,-0.13,-1.04,12.388,12.293,11.93,127632.92,141607.8,105581.02,2.73
2015-03-10,12.37,12.64,12.48,12.37,146802.47,0.13,1.05,12.418,12.259,11.895,143540.01,143409.19,105392.65,3.33
2015-03-09,12.18,12.42,12.35,12.03,92215.66,0.14,1.15,12.33,12.21,11.859,145197.25,129103.75,102269.31,2.09
2015-03-06,12.54,12.6,12.21,12.18,118720.26,-0.34,-2.71,12.326,12.164,11.826,165240.15,129293.41,101644.62,2.7
2015-03-05,12.49,12.56,12.55,12.34,160404.86,0.05,0.4,12.304,12.137,11.785,166959.33,131415.3,97939.5,3.64
2015-03-04,12.05,12.57,12.5,12.05,199556.78,0.46,3.82,12.198,12.034,11.733,155582.69,123336.13,92742.66,4.53
2015-03-03,12.32,12.35,12.04,11.99,155088.7,-0.29,-2.35,12.1,11.92,11.688,143278.38,107737.69,86332.37,3.52
2015-03-02,12.14,12.38,12.33,12.04,192430.16,0.23,1.9,12.09,11.851,11.675,113010.24,96187.8,82595.23,4.37
2015-02-27,12.05,12.14,12.1,12.0,127316.15,0.08,0.67,12.002,11.744,11.653,93346.66,80583.03,79445.5,2.89
2015-02-26,12.02,12.1,12.02,11.92,103521.66,0.01,0.08,11.97,11.647,11.642,95871.27,72288.14,81038.2,2.35
2015-02-25,11.91,12.12,12.01,11.88,138035.23,0.12,1.01,11.87,11.566,11.633,91089.56,69554.23,83229.15,3.13
2015-02-24,11.93,12.0,11.99,11.86,3748.0,0.1,0.84,11.74,11.53,11.627,72197.01,67376.1,86356.78,0.09
2015-02-17,12.0,12.03,11.89,11.83,94112.25,-0.05,-0.42,11.612,11.508,11.619,79365.37,75434.88,94514.16,2.14
2015-02-16,11.53,11.98,11.94,11.53,139939.23,0.42,3.65,11.486,11.488,11.609,67819.4,73995.84,97102.77,3.18
2015-02-13,11.4,11.63,11.52,11.4,79613.1,0.16,1.41,11.324,11.433,11.566,48705.01,64463.71,94071.8,1.81
2015-02-12,11.37,11.43,11.36,11.33,43572.45,0.01,0.09,11.262,11.432,11.561,48018.9,62149.19,96044.18,0.99
2015-02-11,11.26,11.43,11.35,11.26,39589.8,0.09,0.8,11.32,11.455,11.557,62555.2,64927.04,99078.78,0.9
2015-02-10,11.19,11.27,11.26,11.1,36382.42,0.13,1.17,11.404,11.499,11.536,71504.39,69002.66,99184.09,0.83
2015-02-09,11.18,11.32,11.13,11.05,44367.29,-0.08,-0.71,11.49,11.562,11.528,80172.28,78307.97,99523.98,1.01
2015-02-06,11.6,11.66,11.21,11.14,76182.53,-0.44,-3.78,11.542,11.637,11.512,80222.4,89788.26,99849.91,1.73
2015-02-05,11.8,11.98,11.65,11.56,116253.95,-0.12,-1.02,11.602,11.699,11.506,76279.49,96904.08,99266.32,2.64
2015-02-04,11.68,11.85,11.77,11.6,84335.74,0.08,0.68,11.59,11.724,11.49,67298.89,105337.47,96766.88,1.92
2015-02-03,11.48,11.77,11.69,11.47,79721.87,0.3,2.63,11.594,11.73,11.465,66500.93,113593.44,95286.62,1.81
2015-02-02,11.4,11.55,11.39,11.35,44617.92,-0.12,-1.04,11.634,11.73,11.449,76443.66,120209.7,96184.98,1.01
2015-01-30,11.62,11.69,11.51,11.51,56467.96,-0.08,-0.69,11.732,11.698,11.439,99354.11,123679.89,99553.61,1.28
2015-01-29,11.7,11.79,11.59,11.58,71350.95,-0.2,-1.7,11.796,11.69,11.41,117528.67,129939.16,101046.19,1.62
2015-01-28,11.8,11.95,11.79,11.74,80345.96,-0.1,-0.84,11.858,11.659,11.38,143376.05,133230.52,102018.69,1.82
2015-01-27,11.92,11.94,11.89,11.65,129435.51,0.01,0.08,11.866,11.573,11.358,160685.94,129365.52,101079.61,2.94
2015-01-26,11.83,11.98,11.88,11.65,159170.17,0.05,0.42,11.826,11.494,11.335,163975.74,120739.99,99150.69,3.61
2015-01-23,11.86,12.03,11.83,11.71,147340.75,-0.07,-0.59,11.664,11.387,11.318,148005.67,109911.57,93950.11,3.35
2015-01-22,11.76,12.03,11.9,11.68,200587.84,0.07,0.59,11.584,11.313,11.304,142349.65,101628.57,90849.5,4.56
2015-01-21,11.69,11.86,11.83,11.6,166895.44,0.14,1.2,11.46,11.255,11.276,123084.99,88196.3,84271.39,3.79
2015-01-20,11.06,11.69,11.69,11.06,145884.48,0.62,5.6,11.28,11.199,11.254,98045.1,76979.8,81966.06,3.31
2015-01-19,11.1,11.45,11.07,10.85,79319.82,-0.36,-3.15,11.162,11.167,11.268,77504.24,72160.27,81966.75,1.8
2015-01-16,11.25,11.48,11.43,11.21,119060.67,0.15,1.33,11.11,11.18,11.322,71817.47,75427.34,87282.87,2.7
2015-01-15,10.89,11.34,11.28,10.89,104264.53,0.35,3.2,11.042,11.129,11.356,60907.49,72153.23,90211.78,2.37
2015-01-14,11.14,11.14,10.93,10.89,41695.98,-0.17,-1.53,11.05,11.101,11.387,53307.61,70806.86,89243.39,0.95
2015-01-13,10.72,11.18,11.1,10.72,43180.22,0.29,2.68,11.118,11.142,11.441,55914.51,72793.71,93020.83,0.98
2015-01-12,11.04,11.12,10.81,10.8,50885.96,-0.28,-2.52,11.172,11.176,11.484,66816.3,77561.38,98232.49,1.16
2015-01-09,11.32,11.4,11.09,11.08,64510.76,-0.23,-2.03,11.25,11.248,11.53,79037.2,77988.65,100624.79,1.47
2015-01-08,11.25,11.47,11.32,11.2,66265.13,0.05,0.44,11.216,11.294,11.56,83398.97,80070.44,102961.61,1.5
2015-01-07,11.33,11.37,11.27,11.19,54730.49,-0.1,-0.88,11.152,11.296,11.556,88306.1,80346.49,106207.16,1.24
2015-01-06,11.13,11.44,11.37,10.97,97689.14,0.17,1.52,11.166,11.308,11.574,89672.9,86952.33,108076.79,2.22
2015-01-05,10.92,11.32,11.2,10.7,111990.47,0.28,2.56,11.18,11.369,11.584,88306.46,91773.23,109153.68,2.54
2014-12-31,11.0,11.04,10.92,10.75,86319.6,-0.08,-0.73,11.246,11.464,11.622,76940.11,99138.41,109857.31,1.96
2014-12-30,11.37,11.44,11.0,10.95,90800.8,-0.34,-3.0,11.372,11.582,11.668,76741.91,108270.33,112189.98,2.06
2014-12-29,11.4,11.52,11.34,11.29,61564.5,-0.1,-0.87,11.44,11.672,11.703,72386.87,107679.92,114476.45,1.4
2014-12-26,11.53,11.56,11.44,11.29,90856.95,-0.09,-0.78,11.45,11.74,11.718,84231.75,113247.95,115312.39,2.06
2014-12-25,11.54,11.64,11.53,11.45,55158.7,-0.02,-0.17,11.558,11.792,11.739,95239.99,118903.6,114794.63,1.25
2014-12-24,11.39,11.61,11.55,11.34,85328.59,0.21,1.85,11.682,11.812,11.757,121336.7,123260.92,116858.76,1.94
2014-12-23,11.39,11.5,11.34,11.19,69025.63,-0.05,-0.44,11.792,11.826,11.771,139798.76,125852.78,117958.94,1.57
2014-12-22,11.94,11.94,11.39,11.2,120788.88,-0.59,-4.92,11.904,11.816,11.79,142972.97,132067.83,119317.59,2.74
2014-12-19,12.2,12.2,11.98,11.72,145898.16,-0.17,-1.4,12.03,11.84,11.798,142264.15,129201.25,117746.79,3.31
2014-12-18,12.11,12.29,12.15,11.99,185642.25,0.05,0.41,12.026,11.798,11.769,142567.2,126534.14,113298.66,4.22
2014-12-17,11.85,12.1,12.1,11.71,177638.86,0.2,1.68,11.942,11.78,11.732,125185.14,120576.21,106946.1,4.03
2014-12-16,12.01,12.01,11.9,11.8,84896.71,-0.12,-1.0,11.86,11.754,11.705,111906.81,116109.64,102018.91,1.93
2014-12-15,11.99,12.05,12.02,11.8,117244.79,0.06,0.5,11.728,11.734,11.694,121162.69,121272.98,102920.08,2.66
2014-12-12,11.82,12.07,11.96,11.69,147413.41,0.23,1.96,11.65,11.695,11.676,116138.35,117376.83,102124.26,3.35
2014-12-11,11.61,11.87,11.73,11.53,98731.92,0.04,0.34,11.57,11.685,11.659,110501.07,110685.66,99460.19,2.24
2014-12-10,11.26,11.72,11.69,11.12,111247.23,0.45,4.0,11.618,11.702,11.655,115967.28,110456.6,99505.71,2.53
2014-12-09,11.58,11.58,11.24,11.2,131176.09,-0.39,-3.35,11.648,11.716,11.653,120312.46,110065.1,98722.94,2.98
2014-12-08,11.5,11.73,11.63,11.43,92123.08,0.07,0.61,11.74,11.763,11.682,121383.28,106567.35,96404.86,2.09
2014-12-05,11.97,12.0,11.56,11.38,119227.03,-0.41,-3.42,11.74,11.755,11.686,118615.31,106292.34,96734.23,2.71
2014-12-04,11.83,12.06,11.97,11.81,126062.98,0.13,1.1,11.8,11.74,11.697,110870.24,100063.19,94859.83,2.86
2014-12-03,11.65,11.84,11.84,11.55,132973.12,0.14,1.2,11.786,11.683,11.672,104945.93,93315.99,92023.18,3.02
2014-12-02,11.59,11.73,11.7,11.53,136530.17,0.07,0.6,11.784,11.655,11.655,99817.74,87928.19,87928.19,3.1
2014-12-01,11.85,11.89,11.63,11.62,78283.23,-0.23,-1.94,11.786,11.65,11.65,91751.43,82527.97,82527.97,1.78
2014-11-28,11.9,11.95,11.86,11.78,80501.71,-0.04,-0.34,11.77,11.653,11.653,93969.37,83058.56,83058.56,1.83
2014-11-27,11.85,11.95,11.9,11.72,96441.4,0.07,0.59,11.68,11.623,11.623,89256.14,83423.82,83423.82,2.19
2014-11-26,11.71,11.95,11.83,11.71,107332.21,0.12,1.02,11.58,11.577,11.577,81686.05,81254.22,81254.22,2.44
2014-11-25,11.55,11.73,11.71,11.52,96198.58,0.16,1.39,11.526,11.526,11.526,76038.63,76038.63,76038.63,2.18
2014-11-24,11.54,11.63,11.55,11.42,89372.96,0.14,1.23,11.48,11.48,11.48,70998.64,70998.64,70998.64,2.03
2014-11-21,11.38,11.49,11.41,11.31,56935.53,0.01,0.09,11.457,11.457,11.457,64873.87,64873.87,64873.87,1.29
2014-11-20,11.56,11.57,11.4,11.35,58590.97,-0.16,-1.38,11.48,11.48,11.48,68843.04,68843.04,68843.04,1.33
2014-11-19,11.35,11.64,11.56,11.31,79095.1,0.23,2.03,11.56,11.56,11.56,79095.1,79095.1,79095.1,1.8
