date,open,high,close,low,volume,price_change,p_change,ma5,ma10,ma20,v_ma5,v_ma10,v_ma20,turnover
2017-11-17,25.8,26.15,25.13,25.09,32570.27,-0.67,-2.6,25.488,25.494,25.454,24913.12,23141.53,22881.67,1.92
2017-11-16,25.26,26.4,25.81,25.17,37342.04,0.61,2.42,25.634,25.488,25.516,25340.83,21810.98,22701.41,2.2
2017-11-15,25.47,25.63,25.2,25.1,19089.02,-0.35,-1.37,25.588,25.383,25.542,21392.23,19829.08,23463.71,1.12
2017-11-14,25.68,25.83,25.56,25.5,16889.66,-0.18,-0.7,25.62,25.374,25.559,21050.24,19541.99,24652.06,0.99
2017-11-13,25.7,25.92,25.74,25.51,18674.62,-0.16,-0.62,25.588,25.332,25.601,22106.43,19520.1,25475.74,1.1
2017-11-10,25.51,26.24,25.86,25.42,34708.83,0.3,1.17,25.5,25.257,25.64,21369.95,20322.14,27558.96,2.04
2017-11-09,25.35,25.64,25.58,25.27,17599.0,0.22,0.87,25.342,25.239,25.651,18281.13,18520.42,28776.15,1.04
2017-11-08,25.36,25.58,25.36,25.3,17379.1,-0.04,-0.16,25.178,25.228,25.632,18265.93,19824.85,30358.35,1.02
2017-11-07,25.25,25.57,25.4,25.11,22170.6,0.1,0.4,25.128,25.284,25.648,18033.73,20224.05,35307.83,1.3
2017-11-06,24.88,25.38,25.3,24.8,14992.2,0.23,0.92,25.076,25.35,25.62,16933.76,20407.02,37293.16,0.88
2017-11-03,24.71,25.47,25.07,24.7,19264.76,0.31,1.25,25.014,25.414,25.539,19274.33,22621.81,38866.7,1.13
2017-11-02,25.03,25.15,24.76,24.75,17523.0,-0.35,-1.39,25.136,25.544,25.456,18759.71,23591.83,42150.73,1.03
2017-11-01,25.1,25.31,25.11,25.03,16218.1,-0.03,-0.12,25.278,25.7,25.435,21383.77,27098.33,52256.12,0.95
2017-10-31,25.02,25.19,25.14,24.81,16670.76,0.15,0.6,25.44,25.744,25.447,22414.36,29762.12,51715.81,0.98
2017-10-30,25.58,25.73,24.99,24.72,26695.02,-0.69,-2.69,25.624,25.87,25.525,23880.28,31431.39,50949.93,1.57
2017-10-27,25.52,25.9,25.68,25.48,16691.65,0.21,0.82,25.814,26.022,25.68,25969.28,34795.79,49813.18,0.98
2017-10-26,25.8,25.94,25.47,25.0,30643.34,-0.45,-1.74,25.952,26.063,25.874,28423.96,39031.88,59041.05,1.8
2017-10-25,25.93,26.16,25.92,25.81,21371.05,-0.14,-0.54,26.122,26.035,26.009,32812.89,40891.85,57674.63,1.26
2017-10-24,25.99,26.36,26.06,25.76,24000.35,0.12,0.46,26.048,26.011,26.054,37109.88,50391.6,56618.3,1.41
2017-10-23,25.9,26.1,25.94,25.51,37140.02,-0.43,-1.63,26.116,25.89,26.028,38982.5,54179.29,55425.79,2.18
2017-10-20,26.42,26.58,26.37,26.1,28965.02,0.05,0.19,26.23,25.663,25.947,43622.3,55111.6,53591.24,1.7
2017-10-19,25.52,26.77,26.32,25.52,52588.02,0.77,3.01,26.174,25.367,25.786,49639.81,60709.62,52637.54,3.09
2017-10-18,26.31,26.69,25.55,25.36,42856.0,-0.85,-3.22,25.948,25.169,25.634,48970.82,77413.91,50626.34,2.52
2017-10-17,26.4,26.88,26.4,26.11,33363.42,-0.11,-0.41,25.974,25.15,25.515,63673.32,73669.51,49078.19,1.96
2017-10-16,25.97,27.17,26.51,25.82,60339.02,0.42,1.61,25.664,25.179,25.344,69376.08,70468.46,47801.72,3.55
2017-10-13,25.31,26.39,26.09,25.21,59052.6,0.9,3.57,25.096,25.337,25.173,66600.91,64830.56,45224.21,3.47
2017-10-12,25.45,25.63,25.19,24.88,49243.05,-0.49,-1.91,24.56,25.685,25.018,71779.43,79050.22,42733.38,2.9
2017-10-11,24.8,26.09,25.68,24.7,116368.52,0.83,3.34,24.39,25.982,24.918,105856.99,74457.41,40646.83,6.85
2017-10-10,23.71,24.85,24.85,23.5,61877.22,1.18,4.99,24.326,26.096,24.793,83665.69,62845.01,35377.9,3.64
2017-10-09,23.55,23.89,23.67,23.21,46463.16,0.26,1.11,24.694,26.165,24.71,71560.84,56672.29,33069.42,2.73
2017-09-29,24.15,24.3,23.41,23.25,84945.2,-0.93,-3.82,25.578,26.23,24.669,63060.21,52070.87,31176.61,5.0
2017-09-28,25.0,25.75,24.34,24.09,219630.86,-1.02,-4.02,26.81,26.205,24.635,86321.0,44565.45,27531.45,12.92
2017-09-27,25.36,25.36,25.36,25.36,5412.0,-1.33,-4.98,27.574,26.098,24.544,43057.83,23838.77,17525.75,0.32
2017-09-26,26.69,26.69,26.69,26.69,1353.0,-1.4,-4.98,27.866,25.879,24.448,42024.33,24486.87,17959.66,0.08
2017-09-25,28.09,28.09,28.09,28.09,3960.0,-1.48,-5.0,27.636,25.509,24.301,41783.73,25134.97,18657.61,0.23
2017-09-15,29.57,29.57,29.57,29.57,201249.16,1.41,5.01,26.882,25.008,24.087,41081.53,25617.87,19276.17,11.84
2017-09-14,28.16,28.16,28.16,28.16,3315.0,1.34,5.0,25.6,24.35,23.778,2809.9,6416.55,9679.34,0.2
2017-09-13,26.82,26.82,26.82,26.82,244.47,1.28,5.01,24.622,23.854,23.538,4619.7,6836.25,10289.63,0.01
2017-09-12,25.54,25.54,25.54,25.54,150.0,1.22,5.02,23.892,23.49,23.348,6949.41,7910.8,11014.37,0.01
2017-09-11,24.32,24.32,24.32,24.32,449.01,1.16,5.01,23.382,23.255,23.218,8486.21,9466.55,11655.7,0.03
2017-07-07,23.0,23.32,23.16,22.99,9891.01,-0.11,-0.47,23.134,23.107,23.119,10154.21,10282.34,12461.27,0.58
2017-07-06,23.2,23.45,23.27,23.12,12364.01,0.1,0.43,23.1,23.064,23.116,10023.19,10497.44,12541.27,0.73
2017-07-05,22.98,23.36,23.17,22.92,11893.01,0.18,0.78,23.086,22.989,23.12,9052.79,11212.74,12544.12,0.7
2017-07-04,23.09,23.12,22.99,22.91,7834.0,-0.09,-0.39,23.088,23.016,23.125,8872.19,11432.44,12811.05,0.46
2017-07-03,23.25,23.25,23.08,22.98,8789.0,0.09,0.39,23.128,23.093,23.126,10446.89,12180.25,13068.15,0.52
2017-06-30,23.16,23.2,22.99,22.86,9235.95,-0.21,-0.91,23.08,23.166,23.118,10410.48,12934.47,13490.06,0.54
2017-06-29,23.18,23.33,23.2,23.1,7512.01,0.02,0.09,23.028,23.205,23.129,10971.69,12942.13,13944.68,0.44
2017-06-28,23.1,23.32,23.18,23.0,10990.01,-0.01,-0.04,22.892,23.221,23.087,13372.69,13743.02,14196.2,0.65
2017-06-27,22.75,23.26,23.19,22.75,15707.47,0.35,1.53,22.944,23.205,23.074,13992.69,14117.93,14295.98,0.92
2017-06-26,22.6,22.93,22.84,22.54,8606.97,0.11,0.48,23.058,23.181,23.06,13913.6,13844.85,14354.53,0.51
2017-06-23,22.53,22.88,22.73,22.44,12041.98,0.21,0.93,23.252,23.13,23.088,15458.45,14640.2,15355.0,0.71
2017-06-22,23.4,23.6,22.52,22.5,19517.01,-0.92,-3.92,23.382,23.168,23.091,14912.57,14585.11,15957.53,1.15
2017-06-21,23.33,23.6,23.44,23.18,14090.03,0.13,0.56,23.55,23.25,23.051,14113.35,13875.51,15933.05,0.83
2017-06-20,23.95,24.11,23.76,23.66,15312.02,-0.05,-0.21,23.466,23.234,23.02,14243.17,14189.67,15932.3,0.9
2017-06-19,23.39,23.88,23.81,23.33,16331.21,0.43,1.84,23.304,23.159,23.002,13776.1,13956.06,15735.76,0.96
2017-06-16,23.49,23.58,23.38,23.28,9312.59,0.02,0.09,23.008,23.069,22.992,13821.96,14045.66,15565.25,0.55
2017-06-15,22.96,23.5,23.36,22.95,15520.9,0.34,1.48,22.954,23.053,23.011,14257.64,14947.24,17037.07,0.91
2017-06-14,23.0,23.32,23.02,22.88,14739.11,0.07,0.3,22.95,22.952,22.991,13637.66,14649.39,17354.91,0.87
2017-06-13,22.31,23.0,22.95,22.31,12976.67,0.62,2.78,23.002,22.942,22.934,14136.17,14474.03,17162.58,0.76
2017-06-12,23.05,23.07,22.33,22.21,16560.51,-0.78,-3.38,23.014,22.938,22.878,14136.03,14864.2,17545.44,0.97
2017-06-09,23.34,23.44,23.11,23.11,11491.01,-0.23,-0.98,23.13,23.045,22.844,14269.36,16069.8,18886.06,0.68
2017-06-08,23.28,23.45,23.34,23.2,12421.02,0.06,0.26,23.152,23.014,22.828,15636.83,17329.95,19751.67,0.73
2017-06-07,22.88,23.5,23.28,22.88,17231.62,0.27,1.17,22.954,22.851,22.86,15661.11,17990.59,20785.44,1.01
2017-06-06,22.9,23.25,23.01,22.73,12975.99,0.1,0.44,22.882,22.805,22.949,14811.89,17674.93,21504.49,0.76
2017-06-05,22.73,23.17,22.91,22.65,17227.17,-0.31,-1.33,22.862,22.845,23.117,15592.38,17515.46,21493.37,1.01
2017-06-02,22.35,23.47,23.22,22.04,18328.37,0.87,3.89,22.96,22.914,23.291,17870.24,17084.84,21252.54,1.08
2017-06-01,22.92,23.15,22.35,22.29,12542.41,-0.57,-2.49,22.876,22.968,23.449,19023.07,19126.91,20918.35,0.74
2017-05-31,23.37,23.5,22.92,22.88,12985.52,0.01,0.04,22.748,23.03,23.642,20320.07,20060.44,20876.7,0.76
2017-05-26,23.02,23.46,22.91,22.88,16878.41,-0.49,-2.09,22.728,22.926,23.818,20537.97,19851.13,20962.63,0.99
2017-05-25,23.0,23.67,23.4,22.61,28616.51,0.6,2.63,22.828,22.818,23.994,19438.54,20226.68,21139.26,1.68
2017-05-24,21.36,22.8,22.8,20.93,24092.5,1.09,5.02,22.868,22.643,24.116,16299.44,21702.31,20293.58,1.42
2017-05-23,22.74,22.95,21.71,21.68,19027.41,-1.11,-4.86,23.06,22.641,24.273,19230.74,22173.38,19804.82,1.12
2017-05-22,23.22,23.55,22.82,22.7,14075.0,-0.59,-2.52,23.312,22.868,24.468,19800.8,23580.29,19672.54,0.83
2017-05-19,23.54,23.99,23.41,23.35,11381.3,-0.19,-0.81,23.124,23.092,24.643,19164.28,25334.06,20076.63,0.67
2017-05-18,23.5,23.87,23.6,23.33,12921.0,-0.16,-0.67,22.808,23.389,24.753,21014.82,25471.28,20079.28,0.76
2017-05-17,23.11,24.12,23.76,23.11,38749.0,0.79,3.44,22.418,23.667,24.852,27105.17,25420.23,20294.78,2.28
2017-05-16,21.84,22.97,22.97,21.84,21877.7,1.09,4.98,22.222,23.93,24.966,25116.02,22709.79,18866.33,1.29
2017-05-15,21.8,21.98,21.88,21.65,10892.42,0.05,0.23,22.424,24.253,25.128,27359.77,21692.97,18835.94,0.64
2017-05-12,21.69,21.91,21.83,21.23,20634.0,0.18,0.83,23.06,24.71,25.342,31503.83,22074.13,19346.75,1.21
2017-05-11,22.11,22.4,21.65,21.64,43372.74,-1.13,-4.96,23.97,25.169,25.592,29927.75,22051.83,19076.35,2.55
2017-05-10,24.05,24.34,22.78,22.78,28803.24,-1.2,-5.0,24.916,25.589,25.855,23735.29,18884.86,17799.71,1.69
2017-05-09,24.5,24.98,23.98,23.81,33096.46,-1.08,-4.31,25.638,25.905,26.088,20303.56,17436.26,17741.18,1.95
2017-05-08,25.79,26.0,25.06,25.06,31612.73,-1.32,-5.0,26.082,26.068,26.237,16026.17,15764.79,18237.81,1.86
2017-05-05,26.28,26.55,26.38,26.15,12753.56,0.0,0.0,26.36,26.193,26.403,12644.43,14819.19,17893.17,0.75
2017-05-04,26.39,26.59,26.38,26.26,12410.44,-0.01,-0.04,26.368,26.116,26.473,14175.91,14687.28,17979.42,0.73
2017-05-03,26.31,26.55,26.39,26.08,11644.61,0.19,0.72,26.262,26.037,26.555,14034.43,15169.34,18643.01,0.68
2017-05-02,26.46,26.67,26.2,26.02,11709.5,-0.25,-0.94,26.172,26.001,26.644,14568.95,15022.88,19005.54,0.69
2017-04-28,26.44,26.75,26.45,26.28,14704.02,0.03,0.11,26.054,26.003,26.723,15503.4,15978.92,19908.31,0.86
2017-04-27,25.95,26.5,26.42,25.83,20411.0,0.57,2.21,26.026,25.974,26.817,16993.96,16619.36,19966.76,1.2
2017-04-26,25.77,26.19,25.85,25.65,11703.01,-0.09,-0.35,25.864,26.014,26.934,15198.64,16100.86,19958.41,0.69
2017-04-25,25.56,26.39,25.94,25.56,14317.22,0.33,1.29,25.812,26.12,27.068,16304.24,16714.57,20217.43,0.84
2017-04-24,26.2,26.3,25.61,25.56,16381.77,-0.7,-2.66,25.83,26.271,27.202,15476.8,18046.11,20596.94,0.96
2017-04-21,25.7,26.68,26.31,25.48,22156.81,0.7,2.73,25.952,26.406,27.366,16454.43,20710.83,21447.3,1.3
2017-04-20,25.48,25.86,25.61,25.4,11434.4,0.02,0.08,25.922,26.613,27.517,16244.77,20967.14,21419.33,0.67
2017-04-19,25.8,25.99,25.59,25.45,17231.01,-0.44,-1.69,26.164,26.829,27.703,17003.09,21271.57,22127.48,1.01
2017-04-18,26.11,26.37,26.03,25.89,10180.01,-0.19,-0.72,26.428,27.073,27.907,17124.89,22116.69,23231.89,0.6
2017-04-17,25.88,26.66,26.22,25.55,21269.91,0.06,0.23,26.712,27.287,28.054,20615.41,22988.2,23992.34,1.25
2017-04-14,26.76,26.83,26.16,26.02,21108.5,-0.66,-2.46,26.86,27.443,28.195,24967.23,23837.71,24592.55,1.24
2017-04-13,26.92,27.14,26.82,26.66,15226.0,-0.09,-0.33,27.304,27.66,28.34,25689.51,23314.16,24668.08,0.9
2017-04-12,27.27,27.27,26.91,26.85,17840.03,-0.54,-1.97,27.494,27.854,28.473,25540.05,23815.96,25691.0,1.05
2017-04-11,27.28,27.68,27.45,26.2,27632.63,0.49,1.82,27.718,28.016,28.562,27108.49,23720.3,26407.11,1.63
2017-04-10,28.25,28.26,26.96,26.96,43029.0,-1.42,-5.0,27.862,28.133,28.65,25360.98,23147.77,25844.43,2.53
2017-04-07,27.75,28.64,28.38,27.65,24719.91,0.61,2.2,28.026,28.326,28.77,22708.18,22183.77,24897.79,1.45
2017-04-06,28.0,28.04,27.77,27.72,14478.7,-0.26,-0.93,28.016,28.42,28.807,20938.8,21871.53,24660.14,0.85
2017-04-05,27.71,28.12,28.03,27.38,25682.21,-0.14,-0.5,28.214,28.577,28.885,22091.86,22983.39,25037.09,1.51
2017-03-31,27.7,28.39,28.17,27.7,18895.1,0.39,1.4,28.314,28.74,28.938,20332.11,24347.08,26793.31,1.11
2017-03-30,28.23,28.49,27.78,27.5,29765.0,-0.55,-1.94,28.404,28.821,29.058,20934.55,24996.48,27843.66,1.75
2017-03-29,28.68,28.9,28.33,28.3,15873.0,-0.43,-1.5,28.626,28.946,29.198,21659.35,25347.4,27869.6,0.93
2017-03-28,28.48,29.1,28.76,28.45,20244.0,0.23,0.81,28.824,29.019,29.307,22804.25,26022.01,30191.53,1.19
2017-03-27,28.82,28.83,28.53,28.35,16883.47,-0.09,-0.31,28.94,29.092,29.394,23874.92,27566.04,32126.14,0.99
2017-03-24,28.98,28.98,28.62,28.4,21907.26,-0.27,-0.94,29.166,29.108,29.419,28362.05,29093.91,33813.64,1.29
2017-03-23,29.32,29.45,28.89,28.25,33389.03,-0.43,-1.47,29.238,29.167,29.394,29058.42,28541.1,33947.47,1.96
2017-03-22,29.2,29.66,29.32,29.12,21597.5,-0.02,-0.07,29.266,29.213,29.35,29035.44,27611.81,33307.43,1.27
2017-03-21,29.35,29.69,29.34,29.21,25597.32,-0.32,-1.08,29.214,29.193,29.296,29239.76,27448.76,32983.01,1.51
2017-03-20,28.98,29.99,29.66,28.9,39319.14,0.68,2.35,29.244,29.192,29.24,31257.16,27090.8,32702.15,2.31
2017-03-17,29.07,29.4,28.98,28.9,25389.12,-0.05,-0.17,29.05,29.135,29.155,29825.77,29239.53,31516.16,1.49
2017-03-16,28.62,29.39,29.03,28.62,33274.12,-0.03,-0.1,29.096,29.295,29.11,28023.77,30690.83,31330.91,1.96
2017-03-15,29.3,29.59,29.06,29.05,22619.1,-0.43,-1.46,29.16,29.45,29.072,26188.17,30391.8,30695.57,1.33
2017-03-14,28.58,29.79,29.49,28.5,35684.31,0.8,2.79,29.172,29.595,29.012,25657.75,34361.06,30784.39,2.1
2017-03-13,29.0,29.0,28.69,28.16,32162.19,-0.52,-1.78,29.14,29.695,28.949,22924.43,36686.25,30011.7,1.89
2017-03-10,29.21,29.47,29.21,29.14,16379.12,-0.14,-0.48,29.22,29.73,28.94,28653.29,38533.37,29902.4,0.96
2017-03-09,29.22,29.37,29.35,28.8,24096.13,0.23,0.79,29.494,29.621,28.872,33357.89,39353.84,30343.42,1.42
2017-03-08,29.25,29.42,29.12,29.05,19967.01,-0.21,-0.72,29.74,29.487,28.804,34595.43,39003.06,31074.71,1.17
2017-03-07,29.18,29.45,29.33,29.01,22017.72,0.24,0.82,30.018,29.398,28.779,43064.36,38517.27,31615.06,1.3
2017-03-06,29.76,29.77,29.09,29.05,60806.49,-1.49,-4.87,30.25,29.287,28.722,50448.06,38313.49,32318.28,3.58
2017-03-03,30.6,31.4,30.58,30.23,39902.11,0.0,0.0,30.24,29.175,28.646,48413.44,33792.8,30448.25,2.35
2017-03-02,30.76,30.97,30.58,30.19,30283.81,0.07,0.23,29.748,28.924,28.458,45349.79,31970.99,30009.9,1.78
2017-03-01,30.53,31.54,30.51,29.9,62311.67,0.02,0.07,29.234,28.693,28.327,43410.7,30999.35,29954.28,3.67
2017-02-28,29.31,30.49,30.49,29.12,58936.23,1.45,4.99,28.778,28.428,28.188,33970.17,27207.73,28689.7,3.47
2017-02-27,28.36,29.53,29.04,28.12,50633.37,0.92,3.27,28.324,28.202,27.999,26178.93,23337.16,26607.69,2.98
2017-02-24,27.65,28.47,28.12,27.62,24583.87,0.11,0.39,28.11,28.15,27.881,19172.16,21271.43,25382.17,1.45
2017-02-23,28.3,28.34,28.01,27.6,20588.36,-0.22,-0.78,28.1,28.122,27.786,18592.2,21333.0,25790.05,1.21
2017-02-22,28.3,28.39,28.23,28.13,15109.02,0.01,0.04,28.152,28.12,27.661,18588.0,23146.36,26513.97,0.89
2017-02-21,28.0,28.4,28.22,27.91,19980.01,0.25,0.89,28.078,28.16,27.579,20445.29,24712.86,26597.77,1.18
2017-02-20,27.9,28.18,27.97,27.83,15599.52,-0.1,-0.36,28.08,28.156,27.495,20495.39,26323.06,26873.39,0.92
2017-02-17,28.18,28.38,28.07,27.72,21684.07,-0.2,-0.71,28.19,28.116,27.4,23370.71,27103.71,28324.47,1.28
2017-02-16,27.88,28.43,28.27,27.88,20567.37,0.41,1.47,28.144,27.992,27.363,24073.79,28048.8,28918.67,1.21
2017-02-15,28.15,28.49,27.86,27.68,24395.5,-0.37,-1.31,28.088,27.961,27.349,27704.72,28909.21,30330.72,1.44
2017-02-14,28.41,28.78,28.23,28.11,20230.5,-0.29,-1.02,28.242,27.947,27.309,28980.43,30171.67,31830.99,1.19
2017-02-13,27.98,28.74,28.52,27.68,29976.1,0.68,2.44,28.232,27.796,27.313,32150.72,29878.22,33263.48,1.76
2017-02-10,27.85,28.5,27.84,27.61,25199.5,-0.15,-0.54,28.042,27.611,27.365,30836.71,29492.91,32639.18,1.48
2017-02-09,28.6,28.98,27.99,27.96,38722.0,-0.64,-2.23,27.84,27.45,27.462,32023.81,30247.1,32507.55,2.28
2017-02-08,28.21,28.78,28.63,28.01,30774.05,0.45,1.6,27.834,27.201,27.547,30113.7,29881.58,31953.1,1.81
2017-02-07,27.61,28.47,28.18,27.52,36081.97,0.61,2.21,27.652,26.998,27.629,31362.91,28482.68,31657.0,2.12
2017-02-06,26.89,27.59,27.57,26.88,23406.01,0.74,2.76,27.36,26.833,27.733,27605.72,27423.73,31053.55,1.38
2017-02-03,27.21,27.43,26.83,26.62,31135.02,-1.13,-4.04,27.18,26.683,27.864,28149.12,29545.23,31753.5,1.83
2017-01-26,27.8,28.55,27.96,27.73,29171.43,0.24,0.87,27.06,26.734,28.0,28470.39,29788.53,31639.97,1.72
2017-01-25,26.78,27.97,27.72,26.48,37020.13,1.0,3.74,26.568,26.736,28.086,29649.47,31752.23,32598.45,2.18
2017-01-24,26.69,27.14,26.72,26.56,17296.0,0.05,0.19,26.344,26.671,28.162,25602.45,33490.31,34249.54,1.02
2017-01-23,26.3,27.2,26.67,26.01,26123.01,0.44,1.68,26.306,26.829,28.314,27241.74,36648.73,34587.79,1.54
2017-01-20,25.4,26.7,26.23,25.4,32741.37,0.73,2.86,26.186,27.119,28.546,30941.34,35785.44,35969.44,1.93
2017-01-19,26.4,26.49,25.5,25.4,35066.85,-1.1,-4.13,26.408,27.474,28.785,31106.68,34768.0,38010.46,2.06
2017-01-18,26.66,26.76,26.6,26.31,16785.0,0.07,0.26,26.904,27.893,29.108,33855.0,34024.62,39360.12,0.99
2017-01-17,26.09,26.57,26.53,26.0,25492.47,0.46,1.76,26.998,28.259,29.312,41378.18,34831.32,39683.22,1.5
2017-01-16,27.02,27.03,26.07,25.97,44621.03,-1.27,-4.64,27.352,28.632,29.599,46055.72,34683.37,39719.15,2.62
2017-01-13,27.71,27.98,27.34,26.9,33568.05,-0.64,-2.29,28.052,29.045,29.995,40629.53,33961.78,40953.87,1.97
2017-01-12,27.2,28.42,27.98,26.88,48808.44,0.91,3.36,28.54,29.266,30.285,38429.32,33491.4,43084.43,2.87
2017-01-11,28.26,28.44,27.07,26.89,54400.89,-1.23,-4.35,28.882,29.436,30.497,34194.23,33444.67,46536.68,3.2
2017-01-10,29.65,29.78,28.3,28.13,48880.18,-1.27,-4.29,29.52,29.653,30.679,28284.46,35008.77,46320.52,2.88
2017-01-09,29.65,29.94,29.57,29.56,17490.11,-0.21,-0.7,29.912,29.798,30.726,23311.03,32526.86,48255.11,1.03
2017-01-06,29.5,30.1,29.78,29.5,22566.96,0.09,0.3,30.038,29.973,30.717,27294.02,36153.44,53894.31,1.33
2017-01-05,30.15,30.39,29.69,29.65,27633.03,-0.57,-1.88,29.992,30.095,30.773,28553.48,41252.92,55755.51,1.63
2017-01-04,30.08,30.53,30.26,30.0,24852.03,0.0,0.0,29.99,30.323,30.914,32695.1,44695.63,56998.11,1.46
2017-01-03,30.25,30.65,30.26,30.1,24013.0,0.06,0.2,29.786,30.364,31.005,41733.08,44535.13,59848.61,1.41
2016-12-30,29.69,30.48,30.2,29.52,37405.08,0.65,2.2,29.684,30.566,31.084,41742.68,44754.93,62485.7,2.2
2016-12-29,29.82,30.09,29.55,29.13,28864.25,-0.13,-0.44,29.908,30.944,31.25,45012.87,47945.96,65800.13,1.7
2016-12-28,29.29,30.23,29.68,28.86,48341.15,0.44,1.5,30.198,31.303,31.534,53952.37,52677.46,68166.08,2.84
2016-12-27,28.68,30.45,29.24,28.62,70041.94,-0.51,-1.71,30.656,31.557,31.905,56696.16,59628.68,72346.29,4.12
2016-12-26,29.75,29.99,29.75,29.75,24061.0,-1.57,-5.01,30.942,31.704,32.395,47337.18,57632.26,73403.62,1.42
2016-12-23,30.91,31.6,31.32,30.11,53755.99,0.32,1.03,31.448,31.654,32.766,47767.18,63983.36,75578.41,3.16
2016-12-22,31.99,32.8,31.0,30.37,73561.76,-0.97,-3.03,31.98,31.461,32.971,50879.05,71635.17,76421.81,4.33
2016-12-21,30.03,32.2,31.97,30.03,62060.13,1.3,4.24,32.408,31.45,33.108,51402.56,70258.1,75409.16,3.65
2016-12-20,30.67,30.98,30.67,30.67,23247.0,-1.61,-4.99,32.458,31.505,33.161,62561.2,69300.58,74252.71,1.37
2016-12-19,34.0,34.2,32.28,32.28,26211.0,-1.7,-5.0,32.466,31.646,33.276,67927.34,75162.1,75309.76,1.54
2016-12-16,33.04,34.25,33.98,33.04,69315.37,0.84,2.54,31.86,31.602,33.234,80199.55,80216.47,76064.25,4.08
2016-12-15,31.82,33.58,33.14,31.55,76179.28,0.92,2.85,30.942,31.555,33.13,92391.29,83654.3,74311.93,4.48
2016-12-14,31.0,32.25,32.22,30.59,117853.37,1.51,4.92,30.492,31.765,33.09,89113.64,83654.7,72974.78,6.93
2016-12-13,29.31,30.71,30.71,29.0,50077.7,1.46,4.99,30.552,32.252,33.079,76039.96,85063.89,69868.34,2.95
2016-12-12,29.29,29.71,29.25,28.54,87572.02,-0.14,-0.48,30.826,33.085,33.112,82396.85,89174.98,70435.72,5.15
2016-12-09,30.44,30.44,29.39,29.35,130274.09,-1.5,-4.86,31.344,33.878,33.146,80233.4,87173.46,67294.1,7.66
2016-12-08,32.45,32.75,30.89,30.89,59791.03,-1.63,-5.01,32.168,34.481,33.179,74917.3,81208.45,62333.08,3.52
2016-12-07,32.1,32.88,32.52,32.1,52484.98,0.45,1.4,33.038,34.765,33.121,78195.75,80560.22,62840.85,3.09
2016-12-06,31.1,32.9,32.08,31.1,81862.13,0.24,0.75,33.952,34.816,32.978,94087.82,79204.84,61249.6,4.82
2016-12-05,33.1,33.49,31.84,31.84,76754.75,-1.68,-5.01,35.344,34.906,32.787,95953.11,75457.43,58651.87,4.51
2016-12-02,33.6,35.17,33.51,33.5,103693.6,-1.73,-4.91,36.412,34.865,32.598,94113.53,71912.04,56043.26,6.1
2016-12-01,36.81,37.19,35.24,35.24,76183.29,-1.85,-4.99,36.794,34.704,32.327,87499.61,64969.56,52235.14,4.48
2016-11-30,39.32,40.25,37.09,37.09,131945.31,-1.95,-5.0,36.492,34.415,31.982,82924.69,62294.86,50669.25,7.76
2016-11-29,37.23,39.04,39.04,37.22,91188.6,1.86,5.0,35.68,33.906,31.516,64321.87,54672.79,46766.41,5.36
2016-11-28,35.3,37.18,37.18,35.3,67556.86,1.77,5.0,34.468,33.139,30.986,54961.75,51696.45,44254.63,3.97
2016-11-25,33.81,35.43,35.42,33.68,70623.98,1.66,4.92,33.318,32.413,30.544,49710.54,47414.73,44171.98,4.15
2016-11-24,33.02,34.67,33.73,32.87,53308.69,0.71,2.15,32.614,31.876,30.237,42439.52,43457.7,44111.76,3.14
2016-11-23,33.28,33.5,33.03,32.8,38931.21,0.05,0.15,32.338,31.477,29.97,41665.04,45121.48,45903.83,2.29
2016-11-22,31.44,32.98,32.98,31.41,44388.0,1.57,5.0,32.132,31.14,29.708,45023.72,43294.35,46747.51,2.61
2016-11-21,31.5,31.69,31.43,30.9,41300.83,-0.45,-1.41,31.81,30.668,29.384,48431.16,41846.31,46523.98,2.43
2016-11-18,32.07,32.35,31.9,31.61,34268.86,-0.45,-1.39,31.508,30.331,29.122,45118.91,40174.49,45981.86,2.02
2016-11-17,31.88,32.96,32.35,31.17,49436.3,0.33,1.03,31.138,29.95,28.834,44475.88,39500.71,46911.58,2.91
2016-11-16,31.18,32.79,32.0,31.18,55724.61,0.67,2.14,30.616,29.549,28.495,48577.92,39043.64,48382.83,3.28
2016-11-15,29.84,31.41,31.37,29.72,61425.19,1.46,4.88,30.148,29.125,28.212,41564.98,38860.02,48433.32,3.61
2016-11-14,29.79,30.03,29.92,29.64,24739.59,-0.13,-0.43,29.526,28.832,27.898,35261.46,36812.82,50697.21,1.46
2016-11-11,29.81,30.2,30.05,29.6,31053.69,0.32,1.08,29.154,28.675,27.691,35230.07,40929.23,52357.77,1.83
2016-11-10,30.9,30.9,29.74,29.25,69946.51,0.08,0.27,28.762,28.597,27.521,34525.55,44765.83,53200.46,4.11
2016-11-09,28.98,29.66,29.66,28.98,20659.93,1.41,4.99,28.482,28.462,27.383,29509.37,46686.19,53320.59,1.22
2016-11-08,28.0,28.53,28.26,28.0,29907.6,0.23,0.82,28.102,28.276,27.226,36155.05,50200.67,61802.92,1.76
2016-11-07,27.98,28.36,28.06,27.63,24582.63,-0.03,-0.11,28.138,28.099,27.113,38364.17,51201.64,60494.87,1.45
2016-11-04,28.22,28.45,28.09,27.94,27531.07,-0.24,-0.85,28.196,27.912,26.949,46628.38,51789.23,59979.2,1.62
2016-11-03,27.65,28.68,28.34,27.63,44865.62,0.58,2.09,28.432,27.718,26.724,55006.11,54322.46,72766.08,2.64
2016-11-02,28.27,28.5,27.76,27.61,53888.33,-0.68,-2.39,28.442,27.441,26.544,63863.01,57722.01,70818.95,3.17
2016-11-01,28.35,29.0,28.44,28.3,40953.18,0.07,0.25,28.45,27.298,26.335,64246.3,58006.62,68354.2,2.41
2016-10-31,29.6,29.6,28.35,27.98,65903.7,-0.92,-3.14,28.06,26.963,26.035,64039.12,64581.61,70086.94,3.88
2016-10-28,28.31,29.77,29.27,28.27,69419.72,0.86,3.03,27.628,26.706,25.687,56950.09,63786.31,73122.39,4.08
2016-10-27,28.12,29.17,28.39,27.61,89150.13,0.59,2.12,27.004,26.445,25.241,53638.8,61635.09,74990.41,5.24
2016-10-26,26.3,27.8,27.8,26.21,55804.75,1.32,4.99,26.44,26.305,24.791,51581.01,59955.0,70621.31,3.28
2016-10-25,26.1,26.82,26.49,26.02,39917.31,0.3,1.15,26.146,26.175,24.325,51766.95,73405.18,68099.82,2.35
2016-10-24,25.96,26.39,26.19,25.88,30458.52,0.03,0.12,25.866,26.127,23.925,65124.1,69788.1,67629.45,1.79
2016-10-21,25.5,26.39,26.15,25.15,52863.29,0.6,2.35,25.784,25.985,23.557,70622.53,68169.17,67489.45,3.11
2016-10-20,27.0,27.0,25.57,25.5,78861.18,-0.76,-2.89,25.886,25.729,23.195,69631.38,91209.71,66461.87,4.64
2016-10-19,25.0,26.33,26.33,25.0,56734.45,1.25,4.98,26.17,25.647,22.84,68328.98,83915.88,64264.25,3.34
2016-10-18,25.73,25.99,25.09,24.48,106703.05,-0.68,-2.64,26.204,25.371,22.447,95043.4,78701.77,63619.98,6.28
2016-10-17,26.56,26.95,25.78,25.7,57950.67,-0.86,-3.23,26.388,25.107,22.144,74452.1,75592.26,60163.41,3.41
2016-10-14,26.71,26.99,26.66,26.41,47907.56,-0.32,-1.19,26.186,24.667,21.789,65715.81,82458.46,59491.21,2.82
2016-10-13,27.01,27.2,26.99,26.22,72349.17,0.48,1.81,25.572,24.037,21.389,112788.05,88345.73,59722.78,4.26
2016-10-12,27.31,27.31,26.5,25.37,190306.56,0.49,1.88,25.124,23.277,20.965,99502.78,81287.62,58209.75,11.19
2016-10-11,26.01,26.01,26.01,26.01,3746.55,1.24,5.01,24.538,22.474,20.566,62360.14,62794.46,51708.63,0.22
2016-10-10,24.2,24.77,24.77,24.2,14269.2,1.18,5.0,23.826,21.723,20.173,76732.42,65470.8,54060.75,0.84
2016-09-30,24.85,25.99,23.59,23.56,283268.75,-1.16,-4.69,23.148,21.129,19.822,99201.12,66809.72,55865.57,16.66
2016-09-29,24.75,24.75,24.75,24.75,5922.84,1.18,5.01,22.502,20.661,19.514,63903.42,41714.02,45811.75,0.35
2016-09-28,23.57,23.57,23.57,23.57,4593.34,1.12,4.99,21.43,20.033,19.148,63072.45,44612.63,51436.46,0.27
2016-09-27,22.22,22.45,22.45,22.0,75607.98,1.07,5.0,20.41,19.522,18.8,63228.78,48538.2,53189.37,4.45
2016-09-26,21.0,21.38,21.38,20.4,126612.69,1.02,5.01,19.62,19.18,18.481,54209.17,44734.57,51406.18,7.45
2016-09-13,20.36,20.36,20.36,20.36,106780.25,0.97,5.0,19.11,18.91,18.237,34418.33,36523.96,50494.83,6.28
2016-09-12,19.39,19.39,19.39,19.39,1768.0,0.92,4.98,18.82,18.74,18.038,19524.62,31099.83,46465.88,0.1
2016-09-09,18.47,18.47,18.47,18.47,5375.0,0.88,5.0,18.636,18.652,17.848,26152.8,35131.89,47813.56,0.32
2016-04-01,18.8,18.83,18.5,18.13,30509.9,-0.33,-1.75,18.634,18.657,17.704,33847.61,40622.79,48957.44,1.79
2016-03-31,18.91,18.99,18.83,18.65,27658.49,-0.07,-0.37,18.74,18.622,17.545,35259.97,42650.7,49022.64,1.63
2016-03-30,18.5,18.93,18.91,18.46,32311.73,0.53,2.88,18.71,18.514,17.39,38629.6,44921.41,49186.02,1.9
2016-03-29,18.46,18.98,18.47,18.13,34908.89,0.01,0.05,18.66,18.366,17.232,42675.04,49909.48,49081.22,2.05
2016-03-28,19.31,19.31,18.46,18.41,43849.03,-0.58,-3.05,18.668,18.262,17.064,44110.98,58260.3,48983.88,2.58
2016-03-25,18.6,19.07,19.03,18.51,37571.69,0.43,2.31,18.68,18.077,16.883,47397.97,57840.54,48188.38,2.21
2016-03-24,18.52,19.03,18.68,18.41,44506.66,0.02,0.11,18.504,17.781,16.713,50041.43,58077.79,48587.58,2.62
2016-03-23,18.39,18.83,18.66,18.35,52538.95,0.15,0.81,18.318,17.564,16.599,51213.22,64465.69,48547.41,3.09
2016-03-22,18.4,18.76,18.51,18.27,42088.58,-0.01,-0.05,18.072,17.336,16.529,57143.92,61831.92,48694.73,2.48
2016-03-21,18.3,18.97,18.52,18.17,60283.99,0.36,1.98,17.856,17.044,16.466,72409.62,60495.22,49832.57,3.55
2016-03-18,17.76,18.44,18.15,17.55,50788.96,0.42,2.37,17.474,16.75,16.369,68283.11,57292.09,48999.55,2.99
2016-03-17,17.59,17.98,17.75,17.43,50365.62,0.32,1.84,17.058,16.468,16.27,66114.16,55394.58,47788.74,2.96
2016-03-16,17.58,17.74,17.43,17.27,82192.43,0.0,0.0,16.81,16.266,16.19,77718.16,53450.64,47042.73,4.83
2016-03-15,16.5,17.43,17.43,16.49,118417.11,0.83,5.0,16.6,16.097,16.126,66519.93,48252.97,44673.84,6.97
2016-03-14,16.3,16.76,16.61,16.1,39651.44,0.56,3.49,16.232,15.865,16.065,48580.83,39707.46,40534.41,2.33
2016-03-11,16.29,16.37,16.07,15.82,39944.2,-0.44,-2.67,16.026,15.689,16.01,46301.07,38536.22,40099.05,2.35
2016-03-10,17.2,17.2,16.51,16.37,108385.64,0.13,0.79,15.878,15.645,15.997,44675.01,39097.36,40222.11,6.38
2016-03-09,16.12,16.38,16.38,16.12,26201.27,0.78,5.0,15.722,15.634,15.979,29183.11,32629.12,36635.74,1.54
2016-03-08,15.57,15.62,15.59,14.94,28721.58,-0.01,-0.06,15.594,15.721,15.952,29986.0,35557.54,37167.59,1.69
2016-03-07,15.27,15.68,15.58,15.27,28252.65,0.24,1.56,15.498,15.888,15.941,30834.1,39169.92,36930.91,1.66
2016-03-04,15.7,15.95,15.33,15.03,31813.9,-0.42,-2.67,15.352,15.988,15.908,30771.37,40707.02,36825.77,1.87
2016-03-03,15.7,15.99,15.73,15.7,30926.13,-0.01,-0.06,15.412,16.071,15.897,33519.7,40182.89,36800.72,1.82
2016-03-02,15.13,15.8,15.74,15.03,30215.73,0.64,4.24,15.546,16.113,15.834,36075.13,40634.83,36681.11,1.78
2016-03-01,14.9,15.13,15.11,14.77,32962.08,0.26,1.75,15.848,16.155,15.785,41129.09,41094.71,37706.44,1.94
2016-02-29,15.59,15.6,14.85,14.85,27939.0,-0.78,-4.99,16.278,16.264,15.801,47505.74,41361.36,37611.06,1.64
2016-02-26,16.19,16.26,15.63,15.58,45555.58,-0.77,-4.7,16.624,16.331,15.871,50642.67,41661.89,37572.76,2.68
2016-02-25,17.02,17.24,16.4,16.4,43703.28,-0.86,-4.98,16.73,16.348,15.879,46846.08,41346.86,36958.51,2.57
2016-02-24,17.0,17.48,17.25,16.88,55485.5,0.0,0.0,16.68,16.323,15.835,45194.53,40642.36,36639.95,3.26
2016-02-23,16.58,17.4,17.26,16.29,64845.32,0.69,4.16,16.462,16.183,15.789,41060.33,38777.64,36433.0,3.81
2016-02-22,16.29,16.58,16.58,16.17,43623.66,0.44,2.73,16.25,15.993,15.741,35216.98,34691.9,35298.96,2.57
2016-02-19,16.17,16.3,16.16,16.03,26572.65,0.02,0.12,16.038,15.828,15.689,32681.1,32944.52,35222.71,1.56
2016-02-18,16.21,16.69,16.15,16.07,35445.52,0.0,0.0,15.966,15.722,15.66,35847.64,33418.55,36630.81,2.09
2016-02-17,16.18,16.27,16.16,15.82,34814.48,-0.02,-0.12,15.966,15.555,15.67,36090.2,32727.39,38109.5,2.05
2016-02-16,15.64,16.25,16.2,15.58,35628.61,0.68,4.38,15.904,15.414,15.691,36494.96,34318.17,40202.37,2.1
2016-02-15,15.14,15.68,15.52,15.11,30944.26,-0.3,-1.9,15.736,15.337,15.752,34166.82,33860.76,41070.52,1.82
2016-02-05,16.0,16.28,15.8,15.78,42405.33,-0.36,-2.23,15.618,15.41,15.894,33207.93,33483.64,41482.63,2.49
2016-02-04,15.82,16.35,16.15,15.82,36658.3,0.3,1.89,15.478,15.41,16.066,30989.45,32570.17,44105.7,2.16
2016-02-03,15.04,15.93,15.85,14.92,36838.31,0.49,3.19,15.144,15.347,16.259,29364.58,32637.53,43451.03,2.17
2016-02-02,14.96,15.59,15.36,14.9,23987.9,0.47,3.16,14.924,15.394,16.519,32141.37,34088.35,46735.31,1.41
2016-02-01,15.08,15.28,14.93,14.61,26149.79,-0.15,-0.99,14.938,15.489,16.754,33554.69,35906.01,50247.86,1.54
2016-01-29,14.39,15.11,15.1,14.35,31312.96,0.71,4.93,15.202,15.55,17.064,33759.36,37500.9,55529.23,1.84
2016-01-28,14.6,14.94,14.48,14.13,28533.93,-0.31,-2.1,15.342,15.597,17.42,34150.88,39843.08,56643.81,1.68
2016-01-27,15.29,15.49,14.75,14.66,50722.28,-0.68,-4.41,15.55,15.784,17.755,35910.48,43491.62,58323.85,2.98
2016-01-26,16.05,16.22,15.43,15.43,31054.51,-0.81,-4.99,15.864,15.967,18.025,36035.32,46086.58,58856.2,1.83
2016-01-25,16.08,16.47,16.25,15.94,27173.12,0.45,2.85,16.04,16.167,18.263,38257.33,48280.28,64507.73,1.6
2016-01-22,15.85,15.95,15.8,15.18,33270.58,0.28,1.8,15.898,16.377,18.419,41242.44,49481.62,65389.98,1.96
2016-01-21,16.02,16.53,15.52,15.51,37331.91,-0.81,-4.96,15.852,16.721,18.574,45535.27,55641.22,65345.78,2.2
2016-01-20,16.25,16.78,16.32,15.9,51346.48,0.01,0.06,16.018,17.17,18.743,51072.75,54264.53,65811.75,3.02
2016-01-19,15.45,16.31,16.31,15.4,42164.56,0.78,5.02,16.07,17.644,18.883,56137.84,59382.27,64887.1,2.48
2016-01-18,14.93,15.79,15.54,14.8,42098.67,-0.01,-0.06,16.294,18.019,19.027,58303.23,64589.7,65467.36,2.48
2016-01-15,16.3,16.93,15.57,15.54,54734.74,-0.79,-4.83,16.856,18.577,19.19,57720.79,73557.56,65673.5,3.22
2016-01-14,15.85,16.57,16.35,15.74,65019.32,-0.22,-1.33,17.59,19.243,19.354,65747.18,73444.54,65615.69,3.82
2016-01-13,17.42,17.64,16.58,16.56,76671.93,-0.85,-4.88,18.322,19.725,19.451,57456.31,73156.08,64058.28,4.51
2016-01-12,17.43,17.64,17.43,17.43,52991.48,-0.92,-5.01,19.218,20.082,19.532,62626.7,71625.83,61708.87,3.12
2016-01-11,18.5,18.54,18.35,18.35,39186.49,-0.97,-5.02,19.744,20.358,19.569,70876.17,80735.18,60370.77,2.31
2016-01-08,19.59,20.21,19.24,19.01,94866.66,-0.77,-3.85,20.298,20.46,19.555,89394.32,81298.34,59892.11,5.58
2016-01-07,20.6,20.75,20.01,20.01,23565.0,-1.05,-4.99,20.896,20.427,19.497,81141.89,75050.33,57974.82,1.39
2016-01-06,20.08,21.06,21.06,20.08,102523.88,1.0,4.99,21.128,20.316,19.431,88855.84,77358.97,61051.04,6.03
2016-01-05,20.06,20.69,20.06,20.06,94238.81,-1.06,-5.02,20.946,20.121,19.317,80624.95,70391.94,62054.21,5.54
2016-01-04,23.0,23.2,21.12,21.12,131777.27,-1.11,-4.99,20.972,20.034,19.217,90594.2,66345.02,61128.37,7.75
2015-12-31,21.7,22.23,22.23,21.44,53604.51,1.06,5.01,20.622,19.802,19.085,73202.36,57789.43,58974.68,3.15
2015-12-30,20.1,21.17,21.17,20.08,62134.72,1.01,5.01,19.958,19.464,18.853,68958.77,57786.85,57805.85,3.65
2015-12-29,19.94,20.19,20.15,19.58,61369.45,0.01,0.05,19.504,19.177,18.659,65862.09,54960.48,56131.69,3.61
2015-12-28,19.39,20.36,20.19,19.35,144085.05,0.8,4.13,19.296,18.981,18.516,60158.92,51791.92,54783.89,8.48
2015-12-25,18.95,19.48,19.37,18.8,44818.06,0.44,2.32,19.096,18.78,18.358,42095.83,40006.36,51057.19,2.64
2015-12-24,18.86,18.99,18.91,18.56,32386.58,0.02,0.11,18.982,18.65,18.26,42376.51,38485.88,52403.53,1.91
2015-12-23,19.16,19.25,18.9,18.81,46651.32,-0.23,-1.2,18.97,18.567,18.233,46614.94,40899.32,54003.94,2.74
2015-12-22,19.2,19.28,19.11,18.94,32853.59,-0.09,-0.47,18.85,18.546,18.182,44058.87,44743.11,53290.68,1.93
2015-12-21,18.78,19.32,19.19,18.7,53769.62,0.37,1.97,18.666,18.513,18.11,43424.91,53716.49,53297.73,3.16
2015-12-18,18.8,19.1,18.8,18.63,46221.44,-0.05,-0.27,18.464,18.399,18.035,37916.88,55911.73,52840.63,2.72
2015-12-17,18.47,18.97,18.85,18.39,53578.71,0.53,2.89,18.318,18.367,17.992,34595.26,60159.92,52495.75,3.15
2015-12-16,18.31,18.55,18.3,18.19,33871.01,0.11,0.6,18.164,18.241,17.934,35183.7,57824.85,51430.04,1.99
2015-12-15,18.2,18.53,18.19,18.12,29683.79,0.02,0.11,18.242,18.141,17.89,45427.34,57302.89,51769.72,1.75
2015-12-14,17.75,18.27,18.18,17.65,26229.44,0.1,0.55,18.36,18.051,17.87,64008.06,57775.86,53211.62,1.54
2015-12-11,18.02,18.3,18.07,17.88,29613.35,0.03,0.17,18.334,17.936,17.867,73906.59,62108.03,55358.34,1.74
2015-12-10,18.55,18.6,18.08,17.92,56520.9,-0.59,-3.16,18.416,17.869,17.847,85724.57,66321.18,57343.99,3.32
2015-12-09,18.5,19.16,18.69,18.31,85089.23,-0.09,-0.48,18.318,17.898,17.845,80466.0,67108.56,57700.54,5.01
2015-12-08,17.99,18.95,18.78,17.67,122587.39,0.73,4.04,18.04,17.818,17.801,69178.44,61838.26,56953.57,7.21
2015-12-07,18.3,18.3,18.05,17.83,75722.06,-0.43,-2.33,17.742,17.707,17.727,51543.65,52878.97,53969.75,4.45
2015-12-04,17.6,18.48,18.48,17.5,88703.29,0.88,5.0,17.538,17.671,17.689,50309.47,49769.53,55661.47,5.22
2015-12-03,17.23,17.61,17.59,17.23,30228.05,0.3,1.74,17.322,17.617,17.638,46917.78,44831.58,54204.83,1.78
2015-12-02,17.32,17.5,17.3,16.8,28651.43,0.02,0.12,17.478,17.626,17.612,53751.11,45035.23,56366.09,1.69
2015-12-01,17.1,17.54,17.29,17.02,34413.44,0.23,1.35,17.596,17.638,17.602,54498.07,46236.54,59041.14,2.02
2015-11-30,17.3,17.52,17.03,16.53,69551.13,-0.37,-2.13,17.672,17.689,17.565,54214.28,48647.38,61968.62,4.09
2015-11-27,18.15,18.7,17.4,17.4,71744.86,-0.92,-5.02,17.804,17.797,17.501,49229.6,48608.65,61120.76,4.22
2015-11-26,17.93,18.37,18.37,17.93,64394.67,0.49,2.74,17.912,17.824,17.447,42745.39,48366.81,61081.46,3.79
2015-11-25,17.67,17.9,17.89,17.52,32386.25,0.22,1.25,17.774,17.791,17.333,36319.35,48292.53,59673.17,1.91
2015-11-24,17.6,17.8,17.67,17.42,32994.48,-0.02,-0.11,17.68,17.783,17.231,37975.02,52068.88,61030.63,1.94
2015-11-23,17.86,18.09,17.69,17.66,44627.74,-0.26,-1.45,17.706,17.746,17.168,43080.48,55060.54,63833.5,2.63
2015-11-20,17.7,17.96,17.94,17.62,39323.8,0.27,1.53,17.79,17.707,17.105,47987.7,61553.4,68115.75,2.31
2015-11-19,17.56,17.68,17.68,17.37,32264.46,0.25,1.43,17.736,17.658,16.99,53988.23,63578.08,69367.12,1.9
2015-11-18,17.82,17.95,17.42,17.36,40664.61,-0.35,-1.97,17.808,17.598,16.877,60265.71,67696.94,70212.6,2.39
2015-11-17,18.4,18.4,17.8,17.7,58521.79,-0.31,-1.71,17.886,17.566,16.768,66162.74,71845.73,71117.57,3.44
2015-11-16,17.2,18.28,18.11,17.1,69163.83,0.45,2.55,17.786,17.441,16.679,67040.6,75289.85,72248.74,4.07
2015-11-13,17.77,17.95,17.67,17.31,69326.48,-0.31,-1.72,17.624,17.205,16.548,75119.1,73632.86,71300.07,4.08
2015-11-12,18.1,18.25,18.04,17.76,63651.86,0.25,1.41,17.58,17.07,16.455,73167.93,73796.12,70685.37,3.74
2015-11-11,17.3,17.82,17.81,17.22,70149.73,0.51,2.95,17.388,16.874,16.331,75128.18,71053.82,69737.75,4.13
2015-11-10,17.18,17.52,17.3,17.12,62911.11,-0.02,-0.12,17.246,16.678,16.198,77528.72,69992.38,68700.0,3.7
2015-11-09,17.0,17.38,17.3,16.93,109556.3,-0.16,-0.92,17.096,16.59,16.109,83539.11,72606.47,68318.09,6.44
2015-11-06,17.0,17.58,17.45,17.0,59570.65,0.43,2.53,16.786,16.502,16.023,72146.63,74678.11,67423.51,3.5
2015-11-05,17.0,17.4,17.08,16.85,73453.09,0.01,0.06,16.56,16.321,15.894,74424.31,75156.15,67105.84,4.32
2015-11-04,16.56,17.17,17.1,16.52,82152.45,0.55,3.32,16.36,16.156,15.78,66979.46,72728.26,66922.88,4.83
2015-11-03,15.78,16.55,16.55,15.78,92963.04,0.79,5.01,16.11,15.969,15.644,62456.05,70389.41,64928.02,5.47
2015-11-02,16.0,16.34,15.75,15.72,52593.94,-0.57,-3.49,16.084,15.916,15.529,61673.82,69207.62,61535.41,3.09
2015-10-30,16.0,16.82,16.32,15.92,70959.01,0.26,1.62,16.218,15.891,15.463,77209.58,68967.29,60425.98,4.17
2015-10-29,15.94,16.23,16.08,15.85,36228.86,0.23,1.45,16.082,15.839,15.37,75887.99,67574.61,61052.29,2.13
2015-10-28,16.3,16.55,15.85,15.8,59535.38,-0.57,-3.47,15.952,15.788,15.295,78477.05,68421.68,60508.06,3.5
2015-10-27,16.19,16.85,16.42,15.91,89051.93,0.0,0.0,15.828,15.717,15.198,78322.77,67407.62,59460.96,5.24
2015-10-26,15.88,16.42,16.42,15.51,130272.74,0.78,4.99,15.748,15.627,15.078,76741.42,64029.72,57328.87,7.66
2015-10-23,15.49,15.8,15.64,15.3,64351.06,0.21,1.36,15.564,15.544,14.957,60724.99,60168.9,53365.92,3.79
2015-10-22,14.8,15.47,15.43,14.8,49174.16,0.2,1.31,15.596,15.466,14.842,59261.23,59055.53,51764.96,2.89
2015-10-21,16.02,16.02,15.23,15.23,58763.96,-0.8,-4.99,15.624,15.404,14.725,58366.31,61117.49,52390.42,3.46
2015-10-20,15.4,16.13,16.02,15.32,81145.19,0.53,3.42,15.606,15.318,14.643,56492.48,59466.63,52608.58,4.77
2015-10-19,15.86,15.96,15.5,15.3,50190.56,-0.3,-1.9,15.506,15.141,14.488,51318.01,53863.21,50160.61,2.95
2015-10-16,15.65,15.9,15.8,15.48,57032.3,0.23,1.48,15.524,15.035,14.394,59612.82,51884.67,49456.99,3.35
2015-10-15,15.19,15.58,15.57,15.14,44699.52,0.43,2.84,15.336,14.901,14.322,58849.82,54529.97,48380.57,2.63
2015-10-14,15.42,15.58,15.14,15.12,49394.82,-0.38,-2.45,15.184,14.802,14.257,63868.68,52594.44,49180.85,2.91
2015-10-13,15.45,15.67,15.52,15.38,55272.86,-0.07,-0.45,15.03,14.678,14.216,62440.79,51514.29,51168.83,3.25
2015-10-12,14.95,15.6,15.59,14.82,91664.59,0.73,4.91,14.776,14.529,14.122,56408.4,50628.02,50614.86,5.39
2015-10-09,14.71,14.98,14.86,14.57,53217.3,0.04,0.27,14.546,14.37,13.993,44156.53,46562.93,48836.11,3.13
2015-10-08,14.7,14.91,14.81,14.35,69793.83,0.43,2.99,14.466,14.218,13.892,50210.12,44474.38,48920.54,4.11
2015-09-30,14.3,14.85,14.37,14.27,42255.35,0.13,0.91,14.42,14.046,13.828,41320.19,43663.34,48537.1,2.49
2015-09-29,14.2,14.4,14.25,14.1,25110.92,-0.19,-1.32,14.326,13.967,13.822,40587.79,45750.53,49533.52,1.48
2015-09-28,14.41,14.59,14.44,13.91,30405.23,-0.02,-0.14,14.282,13.835,13.859,44847.64,46458.02,52296.57,1.79
2015-09-25,14.78,15.2,14.46,14.01,83485.28,-0.12,-0.82,14.194,13.752,13.852,48969.33,47029.3,54651.3,4.91
2015-09-24,13.98,14.58,14.58,13.89,25344.18,0.69,4.97,13.97,13.743,13.854,38738.65,42231.18,54892.66,1.49
2015-09-23,13.82,14.03,13.9,13.71,38593.34,-0.13,-0.93,13.672,13.712,13.889,46006.49,45767.26,53792.85,2.27
2015-09-22,14.16,14.29,14.03,13.81,46410.19,0.03,0.21,13.608,13.754,13.997,50913.27,50823.38,52430.99,2.73
2015-09-21,13.1,14.0,14.0,13.0,51013.68,0.67,5.03,13.388,13.715,14.142,48068.4,50601.69,52148.84,3.0
2015-09-18,13.19,13.39,13.34,13.08,32331.84,0.24,1.83,13.31,13.615,14.331,45089.27,51109.29,51565.1,1.9
2015-09-17,13.46,13.8,13.09,13.08,61683.4,-0.49,-3.61,13.516,13.566,14.597,45723.71,53366.7,53080.12,3.63
2015-09-16,12.76,13.58,13.58,12.42,63127.24,0.65,5.03,13.752,13.61,14.893,45528.03,53410.86,52908.8,3.71
2015-09-15,13.0,13.34,12.93,12.93,32185.86,-0.68,-5.0,13.9,13.676,15.213,50733.49,53316.51,53563.14,1.89
2015-09-14,14.5,14.54,13.61,13.61,36118.0,-0.72,-5.02,14.042,13.882,15.578,53134.99,58135.12,56547.85,2.12
2015-09-11,14.2,14.46,14.37,14.09,35504.04,0.1,0.7,13.92,13.951,15.883,57129.31,62273.29,58058.25,2.09
2015-09-10,14.17,14.56,14.27,14.1,60705.01,-0.05,-0.35,13.616,13.965,16.124,61009.7,67554.15,61316.52,3.57
2015-09-09,13.8,14.32,14.32,13.66,89154.54,0.68,4.99,13.468,14.065,16.382,61293.69,61818.44,60006.1,5.24
2015-09-08,12.97,13.64,13.64,12.88,44193.34,0.65,5.0,13.452,14.24,16.592,55899.54,54038.59,57814.76,2.6
2015-09-07,12.85,13.41,13.0,12.85,56089.61,0.15,1.17,13.722,14.568,16.791,63135.25,53695.98,59283.86,3.3
2015-09-02,12.85,13.65,12.85,12.85,54906.0,-0.68,-5.03,13.982,15.047,16.981,67417.28,52020.92,59720.78,3.23
2015-09-01,13.8,14.0,13.53,13.53,62124.96,-0.71,-4.99,14.314,15.627,17.22,74098.59,52793.54,59739.13,3.65
2015-08-31,15.13,15.13,14.24,14.24,62183.78,-0.75,-5.0,14.662,16.175,17.46,62343.2,52406.75,60405.03,3.66
2015-08-28,14.55,14.99,14.99,14.32,80371.89,0.71,4.97,15.028,16.749,17.641,52177.64,53809.77,59316.61,4.73
2015-08-27,14.15,14.78,14.3,13.78,77499.76,-0.21,-1.45,15.414,17.274,17.829,44256.71,54960.58,57518.2,4.56
2015-08-26,14.52,14.97,14.51,14.51,88312.57,-0.76,-4.98,16.112,17.814,18.073,36624.56,53843.2,56792.69,5.19
2015-08-25,15.27,15.27,15.27,15.27,3348.0,-0.8,-4.98,16.94,18.282,18.35,31488.49,55078.89,56649.07,0.2
2015-08-24,16.29,16.29,16.07,16.07,11356.0,-0.85,-5.02,17.688,18.699,18.572,42470.29,58193.76,60150.55,0.67
2015-08-21,17.26,17.53,16.92,16.91,40767.24,-0.87,-4.89,18.47,18.943,18.806,55441.89,61590.92,65164.94,2.4
2015-08-20,18.3,18.58,17.79,17.76,39339.01,-0.86,-4.61,19.134,19.014,19.054,65664.44,64871.74,69145.55,2.31
2015-08-19,18.06,18.92,18.65,18.06,62632.2,-0.36,-1.89,19.516,18.914,19.253,71061.84,67420.64,72612.38,3.68
2015-08-18,20.04,20.18,19.01,19.01,58257.0,-1.0,-5.0,19.624,18.812,19.393,78669.28,66684.72,77661.11,3.43
2015-08-17,20.0,20.58,19.98,19.8,76213.98,-0.27,-1.33,19.71,18.745,19.482,73917.23,68403.32,78400.11,4.48
2015-08-14,19.58,20.71,20.24,19.32,91880.02,0.52,2.64,19.416,18.532,19.474,67739.95,64823.45,79691.45,5.4
2015-08-13,19.2,19.96,19.7,19.01,66325.98,0.51,2.66,18.894,18.383,19.427,64079.04,60075.83,80477.44,3.9
2015-08-12,20.0,20.34,19.19,18.98,100669.44,-0.25,-1.29,18.312,18.332,19.367,63779.45,59742.19,84060.58,5.92
2015-08-11,19.36,19.44,19.44,19.0,34496.72,0.93,5.02,18.0,18.418,19.38,54700.15,58219.26,80731.24,2.03
2015-08-10,18.01,18.51,18.51,17.93,45327.61,0.88,4.99,17.78,18.445,19.433,62889.41,62107.35,87004.99,2.67
2015-08-07,17.05,17.63,17.63,16.9,73575.46,0.84,5.0,17.648,18.669,19.582,61906.94,68738.96,97448.57,4.33
2015-08-06,17.07,17.4,16.79,16.77,64828.03,-0.85,-4.82,17.872,19.094,19.775,56072.61,73419.35,108197.65,3.81
2015-08-05,18.3,18.3,17.63,17.5,55272.94,-0.71,-3.87,18.352,19.591,19.964,55704.92,77804.12,119430.11,3.25
2015-08-04,17.1,18.38,18.34,17.01,75443.01,0.49,2.75,18.836,19.973,20.062,61738.37,88637.5,116683.56,4.44
2015-08-03,18.18,18.18,17.85,17.85,40415.26,-0.94,-5.0,19.11,20.219,20.176,61325.29,88396.9,112989.56,2.38
2015-07-31,18.8,19.48,18.75,18.53,44403.81,-0.41,-2.14,19.69,20.416,20.368,75570.98,94559.46,112804.88,2.61
2015-07-30,19.6,20.46,19.19,19.1,62989.58,-0.87,-4.34,20.316,20.471,20.573,90766.09,100879.05,112258.22,3.71
2015-07-29,19.89,20.2,20.05,18.72,85440.18,0.34,1.73,20.83,20.402,20.815,99903.31,108378.97,112214.89,5.03
2015-07-28,19.71,20.2,19.71,19.71,73377.61,-1.04,-5.01,21.11,20.342,21.079,115536.63,103243.22,112392.64,4.32
2015-07-27,21.99,22.69,20.75,20.75,111643.73,-1.09,-4.99,21.328,20.421,21.332,115468.5,111902.63,113520.26,6.57
2015-07-24,21.81,22.3,21.88,21.37,120379.35,0.09,0.41,21.142,20.495,21.549,113547.94,126158.19,109247.47,7.08
2015-07-23,21.14,21.84,21.76,20.88,108675.7,0.31,1.45,20.626,20.455,21.776,110992.0,142975.95,105130.34,6.39
2015-07-22,21.84,21.84,21.45,20.75,163606.75,0.65,3.12,19.974,20.336,22.078,116854.63,161056.09,102666.42,9.62
2015-07-21,20.68,20.8,20.8,20.24,73036.99,0.99,5.0,19.574,20.15,22.421,90949.81,144729.62,97343.27,4.3
2015-07-20,19.18,20.2,19.82,19.01,102040.92,0.54,2.8,19.514,20.132,22.736,108336.75,137582.22,95376.91,6.0
2015-07-17,18.6,19.41,19.3,18.2,107599.66,0.81,4.38,19.848,20.32,23.171,138768.43,131050.29,92086.02,6.33
2015-07-16,18.48,19.03,18.5,18.48,137988.84,-0.95,-4.88,20.284,20.674,23.735,174959.89,123637.39,88839.31,8.12
2015-07-15,19.68,20.1,19.45,19.45,34082.62,-1.02,-4.98,20.698,21.228,24.399,205257.56,116050.8,83982.96,2.0
2015-07-14,21.0,21.85,20.5,20.44,159971.73,-1.0,-4.65,20.726,21.815,25.015,198509.43,121542.06,84769.5,9.41
2015-07-13,20.8,22.18,21.49,20.53,254199.31,0.02,0.09,20.75,22.242,25.599,166827.69,115137.89,79600.2,14.95
2015-07-10,19.73,21.6,21.48,19.54,288556.97,0.91,4.42,20.792,22.603,26.164,123332.16,92336.76,69896.28,16.97
2015-07-09,18.61,20.57,20.57,18.61,289477.16,0.98,5.0,21.064,23.097,26.714,72314.9,67284.73,57813.75,17.03
2015-07-08,19.59,19.59,19.59,19.59,342.0,-1.03,-5.0,21.758,23.82,27.325,26844.05,44276.75,46628.79,0.02
2015-07-07,20.62,20.62,20.62,20.62,1563.0,-1.08,-4.98,22.904,24.691,27.943,44574.69,49956.92,50153.24,0.09
2015-07-06,23.8,23.8,21.7,21.7,36721.66,-1.14,-4.99,23.734,25.339,28.461,63448.1,53171.6,52902.22,2.16
2015-07-03,22.84,23.7,22.84,22.84,33470.66,-1.2,-4.99,24.414,26.022,28.942,61341.36,53121.74,54162.88,1.97
2015-07-02,25.09,25.1,24.04,24.04,62122.93,-1.26,-4.98,25.13,26.796,29.346,62254.55,54041.22,56320.71,3.65
2015-07-01,24.76,26.0,25.32,24.21,88995.18,0.56,2.26,25.882,27.569,29.745,61709.45,51915.11,56907.66,5.24
2015-06-30,23.85,25.3,24.77,23.85,95930.05,-0.33,-1.31,26.478,28.214,30.14,55339.16,47996.95,56457.88,5.64
2015-06-29,26.15,26.21,25.1,25.1,26188.0,-1.32,-5.0,26.944,28.956,30.508,42895.11,44062.51,56181.46,1.54
2015-06-26,27.4,27.4,26.42,26.42,38036.61,-1.39,-5.0,27.63,29.725,30.864,44902.11,47455.8,60947.36,2.24
2015-06-25,28.1,29.0,27.8,27.47,59397.41,-0.49,-1.73,28.462,30.33,31.204,45827.89,48342.77,63653.06,3.49
2015-06-24,27.5,28.36,28.3,26.88,57143.71,1.2,4.43,29.256,30.829,31.563,42120.76,48980.83,64925.47,3.36
2015-06-23,27.12,27.78,27.1,27.1,33709.81,-1.43,-5.01,29.95,31.195,31.843,40654.74,50349.55,63977.67,1.98
2015-06-19,29.73,29.73,28.53,28.53,36223.0,-1.5,-5.0,30.968,31.583,32.103,45229.9,52632.84,65697.38,2.13
2015-06-18,31.8,32.58,30.58,30.36,42665.53,-1.19,-3.75,31.82,31.861,32.214,50009.49,55204.02,67150.4,2.51
2015-06-17,31.35,31.95,31.77,30.31,40861.77,0.01,0.03,32.198,31.896,32.184,50857.65,58600.2,68718.81,2.4
2015-06-16,32.0,32.8,31.77,31.21,49813.58,-0.42,-1.3,32.402,31.921,32.034,55840.89,61900.21,71206.72,2.93
2015-06-15,33.1,33.16,32.19,31.6,56585.63,-0.6,-1.83,32.44,32.065,31.816,60044.37,64918.82,74885.94,3.33
2015-06-12,32.89,33.23,32.79,32.49,60120.94,0.32,0.99,32.198,32.06,31.578,60035.77,68300.42,72432.92,3.54
2015-06-11,32.74,33.23,32.47,32.25,46906.35,-0.32,-0.98,31.902,32.002,31.244,60398.54,74438.92,73059.6,2.76
2015-06-10,31.65,33.5,32.79,31.65,65777.95,0.83,2.6,31.594,32.078,30.864,66342.75,78963.34,74591.68,3.87
2015-06-09,31.03,31.98,31.96,30.89,70830.97,0.98,3.16,31.44,32.297,30.484,67959.52,80870.12,74123.69,4.17
2015-06-08,31.26,31.35,30.98,30.44,56542.64,-0.33,-1.05,31.69,32.491,30.11,69793.27,77605.79,73134.52,3.33
2015-06-05,31.31,31.88,31.31,30.68,61934.79,0.38,1.23,31.922,32.622,29.765,76565.08,78761.93,72878.71,3.64
2015-06-04,31.99,31.99,30.93,30.42,76627.39,-1.09,-3.4,32.102,32.566,29.371,88479.3,79096.78,72549.02,4.51
2015-06-03,33.0,33.16,32.02,31.55,73861.81,-1.19,-3.58,32.562,32.471,28.996,91583.93,78837.42,71849.16,4.34
2015-06-02,32.08,33.75,33.21,31.65,79999.74,1.07,3.33,33.154,32.147,28.515,93780.72,80513.23,70450.75,4.71
2015-06-01,31.23,32.37,32.14,31.23,90401.66,-0.07,-0.22,33.292,31.567,27.976,85418.31,84853.06,69384.4,5.32
2015-05-29,31.85,34.68,32.21,31.57,121505.9,-1.02,-3.07,33.322,31.095,27.522,80958.78,76565.41,68704.42,7.15
2015-05-28,35.28,35.8,33.23,33.23,92150.55,-1.75,-5.0,33.03,30.485,27.11,69714.25,71680.28,67230.64,5.42
2015-05-27,33.89,35.45,34.98,33.5,84845.76,1.08,3.19,32.38,29.649,26.591,66090.91,70220.01,65099.74,4.99
2015-05-26,32.6,33.9,33.9,32.6,38187.7,1.61,4.99,31.14,28.67,25.945,67245.73,67377.26,64921.52,2.25
2015-05-25,31.18,32.29,32.29,31.1,68103.99,1.54,5.01,29.842,27.729,25.409,84287.81,68663.25,66907.14,4.01
2015-05-22,30.09,30.99,30.75,30.05,65283.26,0.77,2.57,28.868,26.908,24.939,72172.03,66995.49,68243.3,3.84
2015-05-21,29.21,30.22,29.98,28.81,74033.84,1.2,4.17,27.94,26.176,24.52,73646.3,66001.26,69159.18,4.35
2015-05-20,27.12,28.78,28.78,27.1,90619.86,1.37,5.0,26.918,25.521,24.104,74349.12,64860.9,69501.93,5.33
2015-05-19,28.79,28.79,27.41,27.36,123398.11,-0.01,-0.04,26.2,24.883,23.704,67508.79,60388.28,67973.56,7.26
2015-05-18,27.42,27.42,27.42,27.42,7525.09,1.31,5.02,25.616,24.385,23.336,53038.68,53915.73,65911.52,0.44
2015-05-15,25.0,26.11,26.11,24.8,72654.6,1.24,4.99,24.948,23.948,22.991,61818.95,60843.43,68759.72,4.27
2015-05-14,25.48,25.8,24.87,24.67,77547.92,-0.32,-1.27,24.412,23.734,22.679,58356.21,62781.01,67483.37,4.56
2015-05-13,24.3,25.33,25.19,24.11,56418.21,0.7,2.86,24.124,23.533,22.415,55372.68,59979.47,66734.69,3.32
2015-05-12,24.09,24.75,24.49,23.93,51047.57,0.41,1.7,23.566,23.22,22.187,53267.77,62465.79,67295.56,3.0
2015-05-11,23.51,24.42,24.08,23.48,51426.43,0.65,2.77,23.154,23.089,22.011,54792.79,65151.04,67786.96,3.03
2015-05-08,23.38,23.67,23.43,23.15,55340.94,0.0,0.0,22.948,22.97,21.84,59867.92,69491.12,67622.6,3.26
2015-05-07,22.05,23.51,23.43,21.98,62630.25,1.03,4.6,23.056,22.863,21.692,67205.8,72317.11,67994.2,3.68
2015-05-06,22.45,23.28,22.4,22.09,45893.68,-0.03,-0.13,22.942,22.687,21.538,64586.27,74142.97,70375.14,2.7
2015-05-05,23.04,23.04,22.43,22.16,58672.64,-0.62,-2.69,22.874,22.524,21.466,71663.8,75558.84,74718.58,3.45
2015-05-04,23.4,23.45,23.05,22.85,76802.07,-0.92,-3.84,23.024,22.287,21.423,75509.3,77907.31,76137.82,4.52
2015-04-30,23.03,24.0,23.97,23.03,92030.37,1.11,4.86,22.992,22.033,21.297,79114.32,76676.02,76954.75,5.41
2015-04-29,22.1,22.88,22.86,22.09,49532.58,0.8,3.63,22.67,21.623,21.084,77428.42,72185.73,76902.64,2.91
2015-04-28,23.18,23.41,22.06,22.02,81281.32,-1.12,-4.83,22.432,21.297,20.907,83699.67,73489.9,80511.44,4.78
2015-04-27,22.9,23.69,23.18,22.9,77900.15,0.29,1.27,22.174,21.153,20.732,79453.88,72125.33,78529.79,4.58
2015-04-24,22.0,23.14,22.89,21.78,94827.17,0.53,2.37,21.55,20.933,20.497,80305.33,70422.87,76890.98,5.58
2015-04-23,21.76,22.5,22.36,21.37,83600.86,0.69,3.18,21.074,20.71,20.276,74237.71,65754.09,76539.29,4.92
2015-04-22,20.85,21.81,21.67,20.85,80888.86,0.9,4.33,20.576,20.521,20.092,66943.04,63671.28,76379.42,4.76
2015-04-21,20.1,20.81,20.77,20.06,60052.34,0.71,3.54,20.162,20.389,19.897,63280.13,66607.3,75178.86,3.53
2015-04-20,20.5,20.88,20.06,19.91,82157.41,-0.45,-2.19,20.132,20.407,19.763,64796.78,73878.33,74778.78,4.83
2015-04-17,20.25,20.85,20.51,19.94,64489.09,0.64,3.22,20.316,20.558,19.66,60540.41,74368.33,72730.99,3.79
2015-04-16,19.25,20.2,19.87,19.21,47127.52,0.27,1.38,20.346,20.561,19.538,57270.47,77233.49,72049.89,2.77
2015-04-15,20.62,20.68,19.6,19.59,62574.28,-1.02,-4.95,20.466,20.545,19.438,60399.52,81619.56,72978.3,3.68
2015-04-14,21.05,21.2,20.62,20.5,67635.58,-0.36,-1.72,20.616,20.517,19.334,69934.48,87532.98,71858.7,3.98
2015-04-13,20.75,21.53,20.98,20.45,60875.57,0.32,1.55,20.682,20.31,19.178,82959.88,84934.25,70729.09,3.58
2015-04-10,20.48,20.85,20.66,20.26,48139.39,0.19,0.93,20.8,20.06,18.991,88196.24,83359.09,68816.31,2.83
2015-04-09,20.38,20.59,20.47,19.8,62772.78,0.12,0.59,20.776,19.842,18.81,97196.5,87324.49,68260.75,3.69
2015-04-08,21.0,21.09,20.35,19.9,110249.07,-0.6,-2.86,20.624,19.662,18.655,102839.6,89087.56,67185.17,6.49
2015-04-07,20.65,21.32,20.95,20.65,132762.59,-0.62,-2.87,20.418,19.405,18.519,105131.47,83750.42,64727.67,7.81
2015-04-03,20.4,21.57,21.57,20.28,87057.38,1.03,5.01,19.938,19.118,18.33,86908.62,75679.23,60349.69,5.12
2015-04-02,19.7,20.68,20.54,19.58,93140.69,0.83,4.21,19.32,18.762,18.099,78521.94,71093.66,58997.53,5.48
2015-04-01,19.2,19.9,19.71,19.03,90988.27,0.39,2.02,18.908,18.514,17.931,77452.49,66866.29,60241.29,5.35
2015-03-31,18.5,19.48,19.32,18.41,121708.43,0.77,4.15,18.7,18.33,17.764,75335.51,64337.04,56912.54,7.16
2015-03-30,18.47,18.67,18.55,18.4,41648.35,0.07,0.38,18.392,18.15,17.611,62369.36,56184.43,52384.23,2.45
2015-03-27,18.5,18.79,18.48,18.29,45123.96,0.0,0.0,18.298,18.045,17.506,64449.83,56523.92,52073.49,2.65
2015-03-26,18.8,19.58,18.48,18.45,87793.42,-0.19,-1.02,18.204,17.922,17.402,63665.38,54273.53,51122.88,5.16
2015-03-25,17.73,18.67,18.67,17.63,80403.41,0.89,5.01,18.12,17.777,17.302,56280.09,49197.0,47648.97,4.73
2015-03-24,18.1,18.1,17.78,17.4,56877.67,-0.3,-1.66,17.96,17.648,17.189,53338.56,45282.79,44267.41,3.35
2015-03-23,18.0,18.2,18.08,17.9,52050.67,0.07,0.39,17.908,17.633,17.124,49999.49,45704.92,42321.78,3.06
2015-03-20,18.1,18.17,18.01,17.9,41201.72,-0.05,-0.28,17.792,17.542,17.042,48598.02,45020.16,40581.62,2.42
2015-03-19,17.91,18.17,18.06,17.73,50866.97,0.19,1.06,17.64,17.435,16.956,44881.69,46901.41,39631.57,2.99
2015-03-18,17.46,17.94,17.87,17.46,65695.78,0.35,2.0,17.434,17.348,16.863,42113.92,53616.3,38009.68,3.86
2015-03-17,17.51,17.68,17.52,17.38,40182.3,0.02,0.11,17.336,17.198,16.766,37227.01,49488.03,35472.75,2.36
2015-03-16,17.35,17.54,17.5,17.35,45043.31,0.25,1.45,17.358,17.072,16.681,41410.35,48584.03,34176.97,2.65
2015-03-13,17.05,17.41,17.25,17.05,22620.08,0.22,1.29,17.292,16.967,16.599,41442.29,47623.07,32592.87,1.33
2015-03-12,17.41,17.42,17.03,16.9,37028.11,-0.35,-2.01,17.23,16.882,16.523,48921.13,47972.22,32413.44,2.18
2015-03-11,17.49,17.74,17.38,17.29,41261.26,-0.25,-1.42,17.262,16.827,16.467,65118.68,46100.93,31524.97,2.43
2015-03-10,17.11,17.97,17.63,17.07,61099.01,0.46,2.68,17.06,16.73,16.399,61749.05,43252.03,30270.4,3.59
2015-03-09,16.94,17.26,17.17,16.7,45203.01,0.23,1.36,16.786,16.614,16.324,55757.71,38938.65,28069.74,2.66
2015-03-06,17.25,17.3,16.94,16.9,60014.24,-0.25,-1.45,16.642,16.542,16.266,53803.84,36143.08,26994.25,3.53
2015-03-05,16.38,17.19,17.19,16.27,118015.89,0.82,5.01,16.534,16.477,16.235,47023.31,32361.74,24938.16,6.94
2015-03-04,16.26,16.38,16.37,16.24,24413.12,0.11,0.68,16.392,16.378,16.203,27083.18,22403.07,20265.07,1.44
2015-03-03,16.44,16.44,16.26,16.25,31142.28,-0.19,-1.16,16.4,16.333,16.219,24755.0,21457.46,20661.31,1.83
2015-03-02,16.32,16.48,16.45,16.25,35433.68,0.05,0.3,16.442,16.29,16.257,22119.59,19769.91,21757.12,2.08
2015-02-27,16.48,16.54,16.4,16.34,26111.59,-0.08,-0.48,16.442,16.231,16.261,18482.32,17562.67,21105.03,1.54
2015-02-26,16.4,16.5,16.48,16.34,18315.24,0.07,0.43,16.42,16.163,16.261,17700.17,16854.66,20921.99,1.08
2015-02-25,16.52,16.53,16.41,16.38,12772.21,-0.06,-0.36,16.364,16.107,16.265,17722.96,16949.02,21087.97,0.75
2015-02-17,16.46,16.53,16.47,16.39,17965.21,0.02,0.12,16.266,16.067,16.265,18159.93,17288.78,21931.57,1.06
2015-02-16,16.28,16.55,16.45,16.26,17247.34,0.16,0.98,16.138,16.034,16.245,17420.23,17200.83,22213.78,1.01
2015-02-13,16.35,16.51,16.29,16.25,22200.84,0.09,0.56,16.02,15.99,16.205,16643.01,17845.41,22866.59,1.31
2015-02-12,15.95,16.35,16.2,15.92,18429.19,0.28,1.76,15.906,15.993,16.195,16009.16,17514.57,22648.98,1.08
2015-02-11,15.88,15.96,15.92,15.81,14957.06,0.09,0.57,15.85,16.028,16.192,16175.07,18127.07,22629.82,0.88
2015-02-10,15.9,15.98,15.83,15.77,14266.73,-0.03,-0.19,15.868,16.104,16.188,16417.63,19865.16,22708.3,0.84
2015-02-09,15.65,15.97,15.86,15.61,13361.25,0.14,0.89,15.93,16.223,16.192,16981.43,23744.33,22635.73,0.79
2015-02-06,15.9,15.96,15.72,15.65,19031.55,-0.2,-1.26,15.96,16.291,16.186,19047.81,24647.4,23005.45,1.12
2015-02-05,16.09,16.19,15.92,15.84,19258.78,-0.09,-0.56,16.08,16.358,16.209,19019.99,24989.33,22807.19,1.13
2015-02-04,16.1,16.19,16.01,16.01,16169.85,-0.13,-0.81,16.206,16.423,16.223,20079.06,25226.93,22644.52,0.95
2015-02-03,16.02,16.19,16.14,16.0,17085.7,0.13,0.81,16.34,16.463,16.239,23312.69,26574.36,22810.44,1.01
2015-02-02,16.0,16.06,16.01,15.85,23693.15,-0.31,-1.9,16.516,16.455,16.254,30507.24,27226.72,23350.99,1.39
2015-01-30,16.54,16.68,16.32,16.3,18892.47,-0.23,-1.39,16.622,16.42,16.267,30247.0,27887.78,24267.97,1.11
2015-01-29,16.59,16.97,16.55,16.38,24554.12,-0.13,-0.78,16.636,16.396,16.298,30958.66,27783.39,24117.54,1.44
2015-01-28,16.75,16.98,16.68,16.65,32338.03,-0.34,-2.0,16.64,16.356,16.314,30374.81,27132.58,23845.6,1.9
2015-01-27,16.56,17.28,17.02,16.33,53058.42,0.48,2.9,16.586,16.272,16.338,29836.03,25551.45,24747.57,3.12
2015-01-26,16.37,16.56,16.54,16.12,22391.96,0.15,0.92,16.394,16.16,16.341,23946.21,21527.14,22822.95,1.32
2015-01-23,16.5,16.66,16.39,16.35,22450.77,-0.18,-1.09,16.218,16.081,16.328,25528.55,21363.49,22923.63,1.32
2015-01-22,16.43,16.62,16.57,16.33,21634.86,0.16,0.97,16.156,16.059,16.303,24608.12,20625.06,22763.81,1.27
2015-01-21,16.09,16.69,16.41,16.06,29644.13,0.35,2.18,16.072,16.022,16.257,23890.35,20062.1,22981.55,1.74
2015-01-20,15.72,16.13,16.06,15.72,23609.31,0.4,2.55,15.958,16.014,16.229,21266.86,19046.53,23908.25,1.39
2015-01-19,15.86,16.23,15.66,15.48,30303.68,-0.42,-2.61,15.926,16.052,16.261,19108.06,19475.26,24996.43,1.78
2015-01-16,16.18,16.19,16.08,15.9,17848.63,-0.07,-0.43,15.944,16.114,16.339,17198.43,20648.16,25022.22,1.05
2015-01-15,15.9,16.2,16.15,15.83,18046.01,0.31,1.96,15.962,16.2,16.393,16642.01,20451.69,26016.72,1.06
2015-01-14,15.9,15.92,15.84,15.7,16526.69,-0.06,-0.38,15.972,16.271,16.464,16233.84,20558.61,27232.13,0.97
2015-01-13,15.75,15.97,15.9,15.67,12815.31,0.15,0.95,16.07,16.403,16.551,16826.19,23943.7,29108.59,0.75
2015-01-12,16.03,16.18,15.75,15.57,20755.49,-0.42,-2.6,16.178,16.522,16.605,19842.46,24118.76,30036.68,1.22
2015-01-09,16.19,16.42,16.17,16.1,15066.53,-0.03,-0.18,16.284,16.575,16.66,24097.89,24483.76,30509.49,0.89
2015-01-08,16.33,16.33,16.2,16.16,16005.19,-0.13,-0.8,16.438,16.547,16.696,24261.37,24902.55,31903.47,0.94
2015-01-07,16.38,16.57,16.33,16.28,19488.41,-0.11,-0.67,16.57,16.491,16.72,24883.38,25901.0,34965.84,1.15
2015-01-06,16.11,16.45,16.44,16.1,27896.7,0.16,0.98,16.736,16.444,16.781,31061.22,28769.98,36356.75,1.64
2015-01-05,16.6,16.6,16.28,16.09,42032.63,-0.66,-3.9,16.866,16.469,16.847,28395.06,30517.59,38364.01,2.47
2014-12-31,16.86,17.19,16.94,16.86,15883.93,0.08,0.47,16.866,16.563,16.93,24869.64,29396.29,38693.67,0.93
2014-12-30,17.03,17.25,16.86,16.78,19115.25,-0.3,-1.75,16.656,16.585,16.976,25543.73,31581.75,40704.62,1.12
2014-12-29,17.93,17.93,17.16,17.07,50377.59,0.07,0.41,16.412,16.657,17.032,26918.62,33905.65,41395.97,2.96
2014-12-26,16.31,17.09,17.09,16.31,14565.92,0.81,4.97,16.152,16.699,17.072,26478.74,34273.47,42287.11,0.86
2014-12-25,15.87,16.37,16.28,15.83,24405.49,0.39,2.45,16.072,16.687,17.128,32640.11,35954.59,43248.93,1.44
2014-12-24,15.76,15.97,15.89,15.73,19254.38,0.25,1.6,16.26,16.745,17.228,33922.94,36535.21,44333.92,1.13
2014-12-23,15.7,15.98,15.64,15.35,25989.73,-0.22,-1.39,16.514,16.845,17.34,37619.77,38904.39,45723.18,1.53
2014-12-22,16.65,16.65,15.86,15.86,48178.19,-0.83,-4.97,16.902,16.948,17.472,40892.68,44030.69,47427.09,2.83
2014-12-19,17.28,17.28,16.69,16.47,45372.78,-0.53,-3.08,17.246,17.117,17.608,42068.2,43943.52,47368.31,2.67
2014-12-18,17.16,17.63,17.22,17.14,30819.64,0.06,0.35,17.302,17.225,17.707,39269.07,46210.44,46976.87,1.81
2014-12-17,17.6,17.69,17.16,17.06,37738.52,-0.42,-2.39,17.23,17.297,17.773,39147.47,47991.06,47451.87,2.22
2014-12-16,17.58,17.85,17.58,17.41,42354.25,0.0,0.0,17.176,17.367,17.829,40189.0,49827.49,46420.42,2.49
2014-12-15,16.8,17.78,17.58,16.8,54055.83,0.61,3.6,16.994,17.407,17.842,47168.7,48886.3,46634.43,3.18
2014-12-12,16.87,17.19,16.97,16.78,31377.1,0.11,0.65,16.988,17.444,17.856,45818.83,50300.76,46222.13,1.85
2014-12-11,16.79,16.9,16.86,16.66,30211.65,-0.03,-0.18,17.148,17.569,17.908,53151.81,50543.28,47095.37,1.78
2014-12-10,16.55,17.05,16.89,16.23,42946.18,0.22,1.32,17.364,17.711,17.974,56834.65,52132.63,48150.6,2.53
2014-12-09,17.54,17.54,16.67,16.67,77252.72,-0.88,-5.01,17.558,17.834,18.046,59465.97,52541.97,48497.56,4.54
2014-12-08,17.71,17.71,17.55,17.49,47306.48,-0.22,-1.24,17.82,17.996,18.144,50603.9,50823.49,46443.62,2.78
2014-12-05,17.91,18.05,17.77,17.44,68042.02,-0.17,-0.95,17.9,18.099,18.19,54782.69,50793.11,46377.25,4.0
2014-12-04,17.82,18.03,17.94,17.55,48625.83,0.08,0.45,17.99,18.189,18.225,47934.75,47743.3,44571.85,2.86
2014-12-03,17.89,17.9,17.86,17.66,56102.82,-0.12,-0.67,18.058,18.249,18.251,47430.62,46912.69,44203.31,3.3
2014-12-02,17.91,18.06,17.98,17.8,32942.35,0.03,0.17,18.11,18.29,18.29,45617.96,43013.35,43013.35,1.94
2014-12-01,18.1,18.1,17.95,17.63,68200.41,-0.27,-1.48,18.172,18.324,18.324,51043.08,44132.35,44132.35,4.01
2014-11-28,18.2,18.32,18.22,18.12,33802.32,-0.06,-0.33,18.298,18.371,18.371,46803.52,41123.85,41123.85,1.99
2014-11-27,18.21,18.34,18.28,18.14,46105.2,0.16,0.88,18.388,18.393,18.393,47551.85,42169.78,42169.78,2.71
2014-11-26,18.22,18.32,18.12,17.88,47039.51,-0.17,-0.93,18.44,18.412,18.412,46394.76,41513.88,41513.88,2.77
2014-11-25,18.57,18.78,18.29,18.06,60067.98,-0.29,-1.56,18.47,18.47,18.47,40408.75,40408.75,40408.75,3.53
2014-11-24,18.75,18.81,18.58,18.43,47002.61,-0.09,-0.48,18.515,18.515,18.515,35493.94,35493.94,35493.94,2.76
2014-11-21,18.56,18.73,18.67,18.43,37543.97,0.13,0.7,18.493,18.493,18.493,31657.72,31657.72,31657.72,2.21
2014-11-20,18.38,18.65,18.54,18.38,40319.73,0.27,1.48,18.405,18.405,18.405,28714.6,28714.6,28714.6,2.37
2014-11-19,18.3,18.37,18.27,18.17,17109.46,0.0,0.0,18.27,18.27,18.27,17109.46,17109.46,17109.46,1.01
