date,open,high,close,low,volume,price_change,p_change,ma5,ma10,ma20,v_ma5,v_ma10,v_ma20,turnover
2017-11-17,17.58,17.88,17.28,17.06,39143.96,-0.18,-1.03,17.574,17.438,17.625,39996.02,29687.67,25284.35,1.19
2017-11-16,17.7,17.89,17.45,17.43,24431.22,-0.35,-1.97,17.588,17.406,17.693,35243.14,27265.72,24100.66,0.74
2017-11-15,18.15,18.2,17.75,17.72,38852.58,-0.46,-2.53,17.586,17.361,17.744,34338.11,27037.14,24784.77,1.18
2017-11-14,17.1,18.4,18.21,17.0,78620.48,1.02,5.93,17.496,17.318,17.81,31043.22,24584.13,24709.19,2.38
2017-11-13,17.33,17.46,17.18,17.14,18931.88,-0.15,-0.87,17.306,17.226,17.852,20364.48,18543.25,22099.24,0.57
2017-11-10,17.49,17.49,17.35,17.3,15379.56,-0.09,-0.52,17.302,17.229,17.948,19379.31,21092.96,23986.17,0.47
2017-11-09,17.3,17.57,17.44,17.25,19906.04,0.14,0.81,17.224,17.322,18.056,19288.29,22220.23,24825.44,0.6
2017-11-08,17.25,17.45,17.3,17.11,22378.14,0.04,0.23,17.136,17.444,18.166,19736.18,22288.63,28046.1,0.68
2017-11-07,17.1,17.5,17.26,16.95,25226.78,0.1,0.58,17.14,17.56,18.269,18125.04,21334.52,29049.56,0.76
2017-11-06,17.0,17.2,17.16,16.93,14006.04,0.2,1.18,17.146,17.672,18.375,16722.02,20738.43,31343.67,0.42
2017-11-03,17.0,17.17,16.96,16.88,14924.45,-0.04,-0.23,17.156,17.812,18.461,22806.61,20881.03,31934.85,0.45
2017-11-02,17.33,17.33,17.0,16.9,22145.48,-0.32,-1.85,17.42,17.979,18.555,25152.17,20935.61,32615.2,0.67
2017-11-01,17.22,17.48,17.32,17.22,14322.43,0.03,0.17,17.752,18.126,18.645,24841.08,22532.4,33377.4,0.43
2017-10-31,17.4,17.4,17.29,17.19,18211.7,0.08,0.47,17.98,18.301,18.724,24544.0,24834.26,34617.46,0.55
2017-10-30,18.2,18.28,17.21,17.09,44429.01,-1.07,-5.85,18.198,18.478,18.811,24754.84,25655.22,36306.38,1.35
2017-10-27,18.65,18.73,18.28,18.06,26652.21,-0.38,-2.04,18.468,18.667,18.913,18955.44,26879.37,39331.82,0.81
2017-10-26,18.48,18.72,18.66,18.4,20590.05,0.2,1.08,18.538,18.79,18.93,16719.05,27430.66,40052.74,0.62
2017-10-25,18.31,18.6,18.46,18.3,12837.01,0.08,0.43,18.5,18.888,18.937,20223.72,33803.58,41503.64,0.39
2017-10-24,18.57,18.6,18.38,18.28,19265.92,-0.18,-0.97,18.622,18.977,18.983,25124.52,36764.6,42274.37,0.58
2017-10-23,18.68,18.7,18.56,18.45,15432.01,-0.07,-0.38,18.758,19.077,19.031,26555.61,41948.91,42630.87,0.47
2017-10-20,18.47,18.65,18.63,18.42,15470.24,0.16,0.87,18.866,19.109,19.077,34803.3,42988.66,43479.54,0.47
2017-10-19,18.97,19.17,18.47,18.33,38113.4,-0.6,-3.15,19.042,19.131,19.123,38142.27,44294.8,45129.89,1.15
2017-10-18,19.0,19.39,19.07,18.89,37341.04,0.01,0.05,19.276,19.163,19.174,47383.44,44222.41,45435.52,1.13
2017-10-17,18.96,19.22,19.06,18.84,26421.34,-0.04,-0.21,19.332,19.146,19.199,48404.69,44400.66,44976.58,0.8
2017-10-16,19.52,19.78,19.1,19.06,56670.48,-0.41,-2.1,19.396,19.143,19.222,57342.21,46957.54,45965.8,1.72
2017-10-13,19.56,19.61,19.51,19.4,32165.08,-0.13,-0.66,19.352,19.158,19.256,51174.03,51784.28,46569.47,0.97
2017-10-12,19.3,19.87,19.64,19.26,84319.24,0.29,1.5,19.22,19.07,19.254,50447.34,52674.83,46762.9,2.55
2017-10-11,19.3,19.46,19.35,19.21,42447.29,-0.03,-0.15,19.05,18.986,19.238,41061.38,49203.71,44530.05,1.29
2017-10-10,18.87,19.78,19.38,18.83,71108.98,0.5,2.65,18.96,18.988,19.242,40396.64,47784.13,44331.0,2.15
2017-10-09,18.84,18.98,18.88,18.84,25829.56,0.03,0.16,18.89,18.984,19.243,36572.86,43312.84,42359.25,0.78
2017-09-29,18.8,18.99,18.85,18.72,28531.62,0.06,0.32,18.964,19.045,19.278,52394.53,43970.41,43343.98,0.86
2017-09-28,18.93,19.16,18.79,18.77,37389.46,-0.11,-0.58,18.92,19.115,19.301,54902.32,45964.98,43761.26,1.13
2017-09-27,19.13,19.2,18.9,18.79,39123.57,-0.13,-0.68,18.922,19.185,19.333,57346.04,46648.63,43419.23,1.19
2017-09-26,19.12,19.29,19.03,18.77,51990.09,-0.22,-1.14,19.016,19.252,19.363,55171.63,45552.51,42800.01,1.57
2017-09-25,18.95,19.6,19.25,18.95,104937.89,0.62,3.33,19.078,19.3,19.376,50052.81,44974.06,43358.45,3.18
2017-09-22,18.75,18.88,18.63,18.45,41070.58,-0.17,-0.9,19.126,19.354,19.408,35546.3,41354.66,40089.07,1.24
2017-09-21,19.37,19.37,18.8,18.79,49608.07,-0.57,-2.94,19.31,19.437,19.458,37027.63,40850.97,39814.03,1.5
2017-09-20,19.29,19.44,19.37,19.2,28251.52,0.03,0.15,19.448,19.49,19.494,35951.23,39856.4,39229.29,0.86
2017-09-19,19.52,19.6,19.34,19.3,26396.0,-0.15,-0.77,19.488,19.496,19.504,35933.38,40877.87,39760.19,0.8
2017-09-18,19.55,19.61,19.49,19.34,32405.32,-0.06,-0.31,19.522,19.502,19.519,39895.3,41405.67,40927.37,0.98
2017-09-15,19.52,19.75,19.55,19.39,48477.26,0.06,0.31,19.582,19.511,19.545,47163.01,42717.55,42003.1,1.47
2017-09-14,19.57,19.65,19.49,19.26,44226.03,-0.08,-0.41,19.564,19.487,19.571,44674.3,41557.55,43446.38,1.34
2017-09-13,19.42,19.64,19.57,19.42,28162.29,0.06,0.31,19.532,19.481,19.624,43761.56,40189.82,47203.66,0.85
2017-09-12,19.81,19.85,19.51,19.35,46205.61,-0.28,-1.42,19.504,19.473,19.662,45822.36,40047.51,50075.71,1.4
2017-09-11,19.49,19.85,19.79,19.38,68743.88,0.33,1.7,19.482,19.452,19.694,42916.03,41742.85,51677.37,2.08
2017-09-08,19.49,19.5,19.46,19.31,36033.69,0.13,0.67,19.44,19.461,19.704,38272.08,38823.48,52281.61,1.09
2017-09-07,19.42,19.56,19.33,19.32,39662.35,-0.1,-0.52,19.41,19.479,19.716,38440.8,38777.1,55964.2,1.2
2017-09-06,19.3,19.55,19.43,19.28,38466.26,0.03,0.15,19.43,19.498,19.734,36618.08,38602.18,57182.95,1.17
2017-09-05,19.51,19.57,19.4,19.38,31673.97,-0.18,-0.92,19.442,19.511,19.742,34272.67,38642.51,57942.31,0.96
2017-09-04,19.46,19.64,19.58,19.43,45524.13,0.27,1.4,19.422,19.536,19.768,40569.68,40449.07,62250.93,1.38
2017-09-01,19.5,19.5,19.31,19.25,36877.31,-0.12,-0.62,19.482,19.579,19.785,39374.88,41288.66,64567.47,1.12
2017-08-31,19.51,19.64,19.43,19.35,30548.72,-0.06,-0.31,19.548,19.654,19.838,39113.39,45335.21,71832.63,0.93
2017-08-30,19.35,19.51,19.49,19.32,26739.21,0.19,0.98,19.566,19.766,19.81,40586.28,54217.49,72785.11,0.81
2017-08-29,19.85,19.85,19.3,19.25,63159.01,-0.58,-2.92,19.58,19.851,19.774,43012.35,60103.9,76126.05,1.91
2017-08-28,19.6,19.9,19.88,19.6,39550.13,0.24,1.22,19.65,19.936,19.792,40328.46,61611.88,76605.66,1.2
2017-08-25,19.35,19.7,19.64,19.35,35569.9,0.12,0.61,19.676,19.946,19.788,43202.44,65739.75,79252.51,1.08
2017-08-24,19.56,19.72,19.52,19.27,37913.17,-0.04,-0.2,19.76,19.953,19.824,51557.03,73151.3,82210.82,1.15
2017-08-23,19.65,19.96,19.56,19.54,38869.56,-0.09,-0.46,19.966,19.97,19.893,67848.7,75763.72,87400.64,1.18
2017-08-22,19.87,19.95,19.65,19.58,49739.54,-0.36,-1.8,20.122,19.973,19.943,77195.45,77242.11,91895.17,1.51
2017-08-21,20.14,20.29,20.01,19.8,53920.04,-0.05,-0.25,20.222,19.999,19.983,82895.3,84052.8,96524.5,1.63
2017-08-18,20.5,20.68,20.06,20.02,77342.84,-0.49,-2.38,20.216,19.991,19.971,88277.06,87846.28,98295.99,2.34
2017-08-17,20.36,20.8,20.55,20.3,119371.51,0.21,1.03,20.146,20.021,19.922,94745.56,98330.06,99104.8,3.62
2017-08-16,20.15,20.37,20.34,19.98,85603.33,0.19,0.94,19.974,19.853,19.818,83678.73,91352.72,96174.04,2.59
2017-08-15,19.85,20.32,20.15,19.77,78238.78,0.17,0.85,19.824,19.696,19.711,77288.76,92148.2,94929.79,2.37
2017-08-14,19.45,20.06,19.98,19.02,80828.83,0.27,1.37,19.776,19.648,19.605,85210.29,91599.44,94247.54,2.45
2017-08-11,19.64,20.36,19.71,19.56,109685.37,0.02,0.1,19.766,19.63,19.496,87415.5,92765.26,95476.14,3.32
2017-08-10,19.59,20.13,19.69,19.59,64037.36,0.1,0.51,19.896,19.695,19.5,101914.55,91270.33,93059.18,1.94
2017-08-09,19.71,19.96,19.59,19.51,53653.45,-0.32,-1.61,19.732,19.815,19.506,99026.71,99037.57,93230.63,1.63
2017-08-08,19.82,20.2,19.91,19.24,117846.46,-0.02,-0.1,19.568,19.913,19.51,107007.63,106548.24,96734.06,3.57
2017-08-07,20.36,20.4,19.93,19.78,91854.85,-0.43,-2.11,19.52,19.967,19.531,97988.58,108996.2,97496.73,2.78
2017-08-04,18.92,20.68,20.36,18.92,182180.62,1.49,7.9,19.494,19.95,19.613,98115.03,108745.71,104613.04,5.52
2017-08-03,18.66,19.08,18.87,18.66,49598.15,0.1,0.53,19.494,19.822,19.689,80626.12,99879.54,99479.91,1.5
2017-08-02,19.64,19.64,18.77,18.75,93558.08,-0.9,-4.58,19.898,19.782,19.828,99048.44,100995.36,100208.37,2.83
2017-08-01,19.92,20.19,19.67,19.62,72751.2,-0.13,-0.66,20.258,19.725,19.972,106088.85,97711.38,99885.2,2.2
2017-07-31,20.15,20.45,19.8,19.58,92487.1,-0.56,-2.75,20.414,19.562,20.053,120003.81,96895.65,99260.12,2.8
2017-07-28,20.59,20.7,20.36,20.14,94736.06,-0.53,-2.54,20.406,19.362,20.119,119376.39,98187.01,97444.11,2.87
2017-07-27,20.9,21.18,20.89,20.31,141709.75,0.32,1.56,20.15,19.304,20.16,119132.95,94848.03,95562.0,4.29
2017-07-26,19.98,20.9,20.57,19.96,128760.16,0.12,0.59,19.666,19.197,20.185,102942.28,87423.7,92278.38,3.9
2017-07-25,19.8,20.98,20.45,19.39,142325.98,0.69,3.49,19.192,19.106,20.202,89333.9,86919.88,88861.92,4.31
2017-07-24,19.0,19.98,19.76,18.82,89350.0,0.68,3.56,18.71,19.095,20.237,73787.49,85997.26,86535.63,2.71
2017-07-21,18.5,19.18,19.08,18.34,93518.88,0.61,3.3,18.318,19.275,20.295,76997.63,100480.36,87588.56,2.83
2017-07-20,18.19,18.88,18.47,18.16,60756.39,0.27,1.48,18.458,19.556,20.367,70563.11,99080.28,87881.85,1.84
2017-07-19,17.98,18.26,18.2,17.82,60718.25,0.16,0.89,18.728,19.874,20.441,71905.11,99421.37,88885.12,1.84
2017-07-18,17.56,18.1,18.04,17.3,64593.95,0.24,1.35,19.02,20.219,20.539,84505.85,102059.03,93905.58,1.96
2017-07-17,19.61,19.69,17.8,17.8,105400.69,-1.98,-10.01,19.48,20.544,20.672,98207.02,101624.59,95222.51,3.19
2017-07-14,19.63,20.2,19.78,19.45,61346.25,-0.04,-0.2,20.232,20.875,20.825,123963.09,96701.21,98573.16,1.86
2017-07-13,19.79,19.98,19.82,19.57,67466.42,0.16,0.81,20.654,21.015,20.881,127597.45,96275.97,102961.19,2.04
2017-07-12,20.23,20.64,19.66,19.09,123721.95,-0.68,-3.34,21.02,21.173,20.897,126937.63,97133.06,106627.49,3.75
2017-07-11,21.0,21.35,20.34,20.23,133099.77,-1.22,-5.66,21.418,21.298,20.906,119612.21,90803.97,106941.06,4.03
2017-07-10,23.0,23.54,21.56,21.45,234181.08,-0.33,-1.51,21.608,21.379,20.829,105042.17,87074.0,103065.56,7.09
2017-07-07,21.64,22.13,21.89,21.39,79518.02,0.24,1.11,21.518,21.314,20.686,69439.33,74696.75,94907.53,2.41
2017-07-06,21.79,21.8,21.65,21.2,64167.32,0.0,0.0,21.376,21.178,20.542,64954.5,76683.43,94297.53,1.94
2017-07-05,21.3,21.8,21.65,21.3,87094.86,0.36,1.69,21.326,21.007,20.394,67328.5,78348.86,95605.95,2.64
2017-07-04,21.18,21.45,21.29,21.02,60249.59,0.18,0.85,21.178,20.859,20.243,61995.73,85752.13,95699.35,1.83
2017-07-03,20.9,21.25,21.11,20.6,56166.88,-0.07,-0.33,21.15,20.8,20.102,69105.83,88820.42,96385.39,1.7
2017-06-30,21.39,21.4,21.18,20.94,57093.84,-0.22,-1.03,21.11,20.775,19.971,79954.17,100445.1,98640.21,1.73
2017-06-29,20.95,21.45,21.4,20.94,76037.33,0.49,2.34,20.98,20.746,19.772,88412.35,109646.4,99404.59,2.3
2017-06-28,21.15,21.17,20.91,20.66,60431.02,-0.24,-1.14,20.688,20.62,19.522,89369.23,116121.91,97782.2,1.83
2017-06-27,20.97,21.47,21.15,20.9,95800.09,0.24,1.15,20.54,20.514,19.34,109508.53,123078.15,96581.14,2.9
2017-06-26,20.85,21.08,20.91,20.53,110408.56,0.38,1.85,20.45,20.279,19.145,108535.0,119057.12,93232.74,3.34
2017-06-23,19.93,20.56,20.53,19.54,99384.77,0.59,2.96,20.44,20.058,18.967,120936.03,115118.31,89971.92,3.01
2017-06-22,20.22,20.5,19.94,19.91,80821.69,-0.23,-1.14,20.512,19.905,18.8,130880.46,111911.64,87755.95,2.45
2017-06-21,20.84,21.28,20.17,19.83,161127.52,-0.53,-2.56,20.552,19.781,18.653,142874.59,112863.04,88405.55,4.88
2017-06-20,20.99,21.15,20.7,20.54,90932.46,-0.16,-0.77,20.488,19.626,18.562,136647.77,105646.57,82185.89,2.75
2017-06-19,21.2,22.19,20.86,20.57,172413.69,0.02,0.1,20.108,19.403,18.472,129579.23,103950.37,79418.54,5.22
2017-06-16,20.0,21.2,20.89,19.95,149106.92,0.75,3.72,19.676,19.166,18.387,109300.59,96835.33,73701.43,4.52
2017-06-15,19.88,20.76,20.14,19.58,140792.38,0.29,1.46,19.298,18.797,18.323,92942.83,89162.77,70972.94,4.26
2017-06-14,18.8,20.18,19.85,18.8,129993.42,1.05,5.58,19.01,18.424,18.282,82851.49,79442.48,68572.24,3.94
2017-06-13,18.5,19.09,18.8,18.48,55589.76,0.1,0.54,18.764,18.165,18.253,74645.36,70084.14,64227.58,1.68
2017-06-12,18.83,18.89,18.7,18.37,71020.46,-0.3,-1.58,18.698,18.011,18.28,78321.5,67408.36,63844.46,2.15
2017-06-09,18.51,19.18,19.0,18.51,67318.11,0.3,1.6,18.656,17.875,18.326,84370.07,64825.54,64101.64,2.04
2017-06-08,18.6,19.28,18.7,18.5,90335.71,0.08,0.43,18.296,17.694,18.368,85382.71,63600.26,64522.49,2.74
2017-06-07,18.37,18.74,18.62,18.3,88962.77,0.15,0.81,17.838,17.525,18.464,76033.47,63948.07,64689.99,2.69
2017-06-06,18.55,18.83,18.47,18.22,73970.45,-0.02,-0.11,17.566,17.498,18.549,65522.91,58725.21,63924.24,2.24
2017-06-05,17.48,18.62,18.49,17.2,101263.3,1.29,7.5,17.324,17.54,18.688,56495.21,54886.71,66628.26,3.07
2017-06-02,16.3,17.53,17.2,16.3,72381.3,0.79,4.81,17.094,17.607,18.897,45281.01,50567.53,65399.13,2.19
2017-06-01,17.23,17.26,16.41,16.35,43589.52,-0.85,-4.92,17.092,17.849,19.184,41817.82,52783.11,67203.15,1.32
2017-05-31,17.46,17.69,17.26,17.25,36410.0,0.0,0.0,17.212,18.14,19.534,51862.66,57701.99,72301.77,1.1
2017-05-26,17.39,17.5,17.26,17.24,28831.94,-0.08,-0.46,17.43,18.34,19.971,51927.5,58371.02,73171.22,0.87
2017-05-25,17.21,17.5,17.34,16.92,45192.28,0.15,0.87,17.756,18.548,20.552,53278.22,60280.57,72899.54,1.37
2017-05-24,17.01,17.27,17.19,16.65,55065.34,0.18,1.06,18.12,18.776,21.129,55854.06,63377.74,72570.31,1.67
2017-05-23,18.35,18.45,17.01,16.88,93813.76,-1.34,-7.3,18.606,19.042,21.734,63748.4,65444.72,73307.12,2.84
2017-05-22,18.82,19.09,18.35,18.31,36734.19,-0.54,-2.86,19.068,19.403,22.328,63541.32,65431.91,70767.79,1.11
2017-05-19,19.16,19.3,18.89,18.84,35585.52,-0.27,-1.41,19.25,19.599,22.864,64814.54,69123.27,70153.03,1.08
2017-05-18,19.26,19.64,19.16,19.08,58071.48,-0.46,-2.35,19.34,19.835,23.367,67282.91,78369.8,69415.85,1.76
2017-05-17,19.35,20.16,19.62,19.2,94537.04,0.3,1.55,19.432,20.186,23.854,70901.42,80230.72,68067.74,2.86
2017-05-16,19.27,19.4,19.32,18.32,92778.36,0.06,0.31,19.478,20.518,24.334,67141.04,81623.19,64965.53,2.81
2017-05-15,19.49,19.63,19.26,19.21,43100.3,-0.08,-0.41,19.738,20.927,24.833,67322.5,86901.55,61763.71,1.31
2017-05-12,19.68,19.76,19.34,19.25,47927.38,-0.28,-1.43,19.948,21.601,25.339,73431.99,87971.42,61184.23,1.45
2017-05-11,19.5,19.84,19.62,18.92,76164.01,-0.23,-1.16,20.33,22.556,25.841,89456.69,85518.52,60871.58,2.31
2017-05-10,20.41,20.78,19.85,19.65,75735.15,-0.77,-3.73,20.94,23.482,26.315,89560.02,81762.87,58951.02,2.29
2017-05-09,20.1,20.81,20.62,19.92,93685.67,0.31,1.53,21.558,24.425,26.789,96105.33,81169.53,57542.77,2.84
2017-05-08,21.06,21.3,20.31,20.2,73647.75,-0.94,-4.42,22.116,25.253,27.23,106480.6,76103.66,56333.68,2.23
2017-05-05,22.68,22.92,21.25,21.06,128050.89,-1.42,-6.26,23.254,26.129,27.669,102510.85,71182.79,54681.19,3.88
2017-05-04,23.04,23.3,22.67,22.6,76680.62,-0.27,-1.18,24.782,26.899,28.042,81580.34,60461.9,50053.25,2.32
2017-05-03,23.31,23.8,22.94,22.81,108461.74,-0.47,-2.01,26.024,27.522,28.371,73965.73,55904.76,47700.32,3.29
2017-05-02,24.42,25.12,23.41,23.4,145562.02,-2.59,-9.96,27.292,28.15,28.689,66233.72,48307.88,43864.46,4.41
2017-04-28,26.23,27.43,26.0,26.0,53799.0,-2.89,-10.0,28.39,28.738,28.987,45726.72,36625.86,38315.47,1.63
2016-11-07,28.79,28.99,28.89,28.73,23398.31,0.01,0.04,29.004,29.077,29.162,39854.72,34397.04,38633.54,0.71
2016-11-04,29.29,29.3,28.88,28.79,38607.58,-0.42,-1.43,29.016,29.126,29.198,39343.45,36224.65,39482.12,1.17
2016-11-03,28.8,29.75,29.28,28.6,69801.68,0.38,1.31,29.02,29.147,29.2,37843.78,36139.18,39114.25,2.11
2016-11-02,29.03,29.47,28.9,28.8,43027.05,-0.17,-0.58,29.008,29.152,29.171,30382.04,33916.02,36538.75,1.3
2016-11-01,29.05,29.12,29.07,28.87,24438.96,0.12,0.41,29.086,29.206,29.167,27525.0,36563.7,35487.13,0.74
2016-10-31,28.9,29.05,28.95,28.7,20842.0,0.04,0.14,29.15,29.209,29.162,28939.37,38179.59,35781.78,0.63
2016-10-28,29.1,29.35,28.9,28.9,31109.23,-0.33,-1.13,29.236,29.185,29.132,33105.85,39644.6,36475.01,0.94
2016-10-27,29.28,29.4,29.22,29.07,32492.95,0.01,0.03,29.274,29.219,29.155,34434.57,39495.89,36038.97,0.98
2016-10-26,29.36,29.46,29.29,29.08,28741.87,-0.1,-0.34,29.296,29.227,29.18,37449.99,39421.04,35729.27,0.87
2016-10-25,29.4,29.45,29.39,29.2,31510.8,0.02,0.07,29.326,29.235,29.206,45602.39,40005.08,35280.39,0.95
2016-10-24,29.18,29.49,29.38,28.88,41674.41,0.3,1.03,29.268,29.247,29.221,47419.81,42870.04,35096.85,1.26
2016-10-21,29.23,29.36,29.09,28.8,37752.8,-0.24,-0.82,29.134,29.269,29.256,46183.34,42739.6,34125.53,1.14
2016-10-20,29.7,29.78,29.33,29.28,47570.09,-0.14,-0.47,29.164,29.253,29.296,44557.22,42089.32,33934.8,1.44
2016-10-19,29.4,29.69,29.44,28.94,69503.87,0.34,1.17,29.158,29.19,29.344,41392.08,39161.48,34068.52,2.11
2016-10-18,28.71,29.17,29.1,28.61,40597.89,0.39,1.36,29.144,29.127,29.391,34407.76,34410.56,33139.19,1.23
2016-10-17,29.45,29.47,28.71,28.53,35492.05,-0.52,-1.78,29.226,29.114,29.511,38320.26,33383.97,33554.01,1.08
2016-10-14,29.41,29.41,29.24,28.89,29622.19,-0.07,-0.24,29.404,29.079,29.652,39295.85,33305.42,33258.56,0.9
2016-10-13,29.42,29.57,29.3,29.19,31744.42,-0.04,-0.14,29.342,29.09,29.754,39621.42,32582.05,34570.26,0.96
2016-10-12,29.31,29.48,29.37,29.18,34582.24,-0.13,-0.44,29.222,29.133,29.854,36930.88,32037.5,34973.78,1.05
2016-10-11,29.5,30.09,29.51,29.4,60160.41,-0.09,-0.3,29.11,29.177,29.938,34413.37,30555.7,34438.66,1.82
2016-10-10,28.5,29.6,29.6,28.5,40370.0,0.7,2.42,29.002,29.195,30.009,28447.68,27323.66,33787.67,1.22
2016-09-30,28.8,29.13,28.93,28.71,31250.01,0.22,0.77,28.754,29.243,30.109,27314.98,25511.47,33890.42,0.95
2016-09-29,28.8,28.91,28.7,28.65,18291.76,-0.11,-0.38,28.838,29.338,30.255,25542.69,25780.29,34403.83,0.55
2016-09-28,29.19,29.19,28.81,28.73,21994.68,-0.15,-0.52,29.044,29.498,30.434,27144.11,28975.55,37397.15,0.67
2016-09-27,28.44,28.98,28.97,28.3,30331.95,0.59,2.08,29.244,29.655,30.588,26698.03,31867.82,38829.79,0.92
2016-09-26,29.35,29.35,28.36,28.35,34706.49,-0.99,-3.37,29.388,29.907,30.753,26199.64,33724.05,40315.6,1.05
2016-09-23,29.77,29.9,29.35,29.32,22388.55,-0.38,-1.28,29.732,30.225,30.931,23707.95,33211.71,40945.88,0.68
2016-09-22,29.97,30.06,29.73,29.65,26298.88,-0.08,-0.27,29.838,30.418,31.058,26017.89,36558.48,42128.25,0.8
2016-09-21,29.59,29.99,29.81,29.58,19764.26,0.13,0.44,29.952,30.574,31.143,30806.98,37910.05,42425.33,0.6
2016-09-20,30.18,30.18,29.69,29.59,27840.02,-0.38,-1.26,30.066,30.699,31.231,37037.62,38321.63,43249.78,0.84
2016-09-19,29.96,30.24,30.08,29.9,22248.06,0.19,0.64,30.426,30.823,31.348,41248.45,40251.68,43704.59,0.67
2016-09-14,30.14,30.19,29.88,29.75,33938.22,-0.43,-1.42,30.718,30.975,31.454,42715.47,42269.37,45303.69,1.03
2016-09-13,30.61,30.76,30.3,29.89,50244.36,-0.1,-0.33,30.998,31.172,31.588,47099.06,43027.38,47523.7,1.52
2016-09-12,30.63,31.33,30.38,30.0,50917.44,-1.1,-3.49,31.196,31.37,31.678,45013.12,45818.75,48953.6,1.54
2016-09-09,31.53,31.95,31.49,31.39,48894.18,-0.04,-0.13,31.332,31.52,31.773,39605.63,45791.76,50178.9,1.48
2016-09-08,31.58,31.77,31.54,31.33,29583.13,0.26,0.83,31.22,31.598,31.775,39254.91,46907.15,49514.87,0.9
2016-09-07,31.25,31.98,31.28,31.11,55856.21,-0.02,-0.06,31.232,31.637,31.758,41823.28,48680.04,50144.68,1.69
2016-09-06,31.09,31.33,31.29,30.37,39814.66,0.2,0.64,31.346,31.697,31.785,38955.7,47698.03,49525.34,1.21
2016-09-05,31.58,31.6,31.06,31.03,23879.98,0.05,0.16,31.544,31.711,31.812,46624.38,46940.61,51033.67,0.72
2016-09-02,31.55,31.7,30.93,30.93,47140.56,-0.71,-2.24,31.708,31.763,31.879,51977.89,48177.93,55739.22,1.43
2016-09-01,31.88,32.31,31.6,31.59,42424.97,-0.26,-0.82,31.976,31.873,31.838,54559.4,47157.51,55174.48,1.29
2016-08-31,32.34,32.34,31.85,31.69,41518.31,-0.42,-1.3,32.042,31.932,31.786,55536.81,48338.02,55246.87,1.26
2016-08-30,31.56,32.86,32.28,31.56,78158.08,0.4,1.25,32.048,32.003,31.71,56440.35,52020.02,55079.28,2.37
2016-08-29,32.7,32.98,31.88,31.79,50647.51,-0.36,-1.12,31.878,31.986,31.61,47256.83,52088.44,53575.14,1.53
2016-08-26,31.92,32.4,32.27,31.54,60048.12,0.33,1.03,31.818,32.025,31.514,44377.97,54566.04,55400.8,1.82
2016-08-25,31.61,32.07,31.93,31.0,47312.01,0.11,0.35,31.77,31.952,31.467,39755.61,52122.59,55407.31,1.43
2016-08-24,31.58,32.22,31.88,31.45,46036.05,0.41,1.3,31.822,31.878,31.485,41139.23,51609.31,57397.89,1.39
2016-08-23,31.58,31.9,31.43,31.06,32240.46,-0.16,-0.51,31.958,31.873,31.485,47599.68,51352.66,62264.51,0.98
2016-08-22,31.99,32.39,31.58,31.52,36253.22,-0.42,-1.31,32.094,31.912,31.609,56920.06,55126.74,64022.59,1.1
2016-08-19,32.19,32.26,32.03,31.81,36936.32,-0.16,-0.5,32.232,31.994,31.706,64754.1,63300.52,65779.94,1.12
2016-08-18,32.38,32.49,32.19,31.83,54230.1,-0.36,-1.11,32.134,31.803,31.814,64489.56,63191.46,70699.06,1.64
2016-08-17,32.05,32.87,32.56,32.05,78338.28,0.45,1.4,31.934,31.64,31.899,62079.39,62155.73,71190.52,2.37
2016-08-16,32.28,32.85,32.11,32.03,78842.38,-0.16,-0.5,31.788,31.416,31.95,55105.64,58138.55,70427.96,2.39
2016-08-15,31.57,32.63,32.27,31.19,75423.43,0.72,2.28,31.73,31.233,32.051,53333.42,55061.83,69593.07,2.28
2016-08-12,31.03,31.66,31.54,31.03,35613.62,0.37,1.19,31.756,31.003,32.132,61846.94,56235.56,69417.76,1.08
2016-08-11,31.78,31.96,31.19,31.1,42179.26,-0.63,-1.98,31.472,30.982,32.266,61893.36,58692.04,72208.2,1.28
2016-08-10,31.83,32.4,31.83,31.71,43469.5,0.02,0.06,31.346,31.092,32.456,62232.06,63186.47,76042.15,1.32
2016-08-09,32.0,32.1,31.82,31.53,69981.3,-0.6,-1.85,31.044,31.097,32.622,61171.47,73176.37,81845.2,2.12
2016-08-08,30.0,32.97,32.4,30.0,117991.01,2.28,7.57,30.736,31.305,32.823,56790.25,72918.45,89769.45,3.57
2016-08-05,30.45,30.66,30.12,30.11,35845.75,-0.43,-1.41,30.25,31.418,32.969,50624.19,68259.35,99038.54,1.09
2016-08-04,30.27,30.72,30.56,29.92,43872.74,0.25,0.82,30.492,31.825,33.213,55490.71,78206.65,111960.69,1.33
2016-08-03,30.17,30.45,30.32,30.06,38166.53,0.03,0.1,30.838,32.157,33.313,64140.87,80225.31,115819.66,1.16
2016-08-02,29.88,30.39,30.28,29.74,48075.2,0.32,1.07,31.15,32.483,33.446,85181.27,82717.36,120410.84,1.46
2016-08-01,30.99,31.28,29.97,29.45,87160.73,-1.35,-4.31,31.874,32.869,33.601,89046.65,84124.31,128924.39,2.64
2016-07-29,32.2,32.2,31.33,31.18,60178.36,-0.94,-2.91,32.586,33.261,33.798,85894.51,82599.96,134564.23,1.82
2016-07-28,32.3,32.65,32.29,31.5,87123.54,0.41,1.29,33.158,33.549,33.808,100922.59,85724.35,138459.27,2.64
2016-07-27,33.9,34.65,31.88,31.4,143368.52,-2.01,-5.93,33.476,33.82,33.759,96309.75,88897.84,139341.88,4.34
2016-07-26,33.63,33.94,33.9,33.3,67402.09,0.4,1.19,33.816,34.147,33.712,80253.46,90514.03,138469.11,2.04
2016-07-25,33.69,34.01,33.53,33.08,71400.04,-0.66,-1.93,33.864,34.341,33.579,79201.97,106620.46,144915.12,2.16
2016-07-22,34.62,35.27,34.19,34.16,135318.75,0.29,0.85,33.936,34.52,33.466,79305.42,129817.73,150723.93,4.1
2016-07-21,33.71,34.29,33.88,33.53,64059.36,0.29,0.86,33.94,34.6,33.178,70526.12,145714.73,148250.41,1.94
2016-07-20,34.1,34.45,33.58,33.56,63087.04,-0.57,-1.67,34.164,34.468,32.945,81485.92,151414.01,151302.98,1.91
2016-07-19,33.89,34.2,34.14,33.65,62144.65,0.22,0.65,34.478,34.409,32.703,100774.6,158104.31,151920.88,1.88
2016-07-18,34.2,34.8,33.89,33.83,71917.29,-0.34,-0.99,34.818,34.333,32.396,134038.95,173724.47,151788.0,2.18
2016-07-15,35.08,35.18,34.21,34.01,91422.25,-0.81,-2.31,35.104,34.335,32.104,180330.04,186528.5,150712.25,2.77
2016-07-14,34.9,35.67,35.0,34.5,118858.38,-0.18,-0.51,35.26,34.067,31.812,220903.34,191194.19,150206.79,3.6
2016-07-13,36.0,36.38,35.15,34.61,159530.45,-0.67,-1.87,34.772,33.697,31.462,221342.1,189785.93,147082.0,4.83
2016-07-12,34.56,36.36,35.84,34.03,228466.36,0.55,1.56,34.34,33.277,31.125,215434.01,186424.2,142490.51,6.92
2016-07-11,35.99,37.5,35.32,34.88,303372.78,0.33,0.94,33.848,32.816,30.725,213409.98,183209.78,134669.73,9.19
2016-07-08,32.47,35.75,34.99,32.47,294288.72,2.49,7.66,33.566,32.411,30.392,192726.95,171630.13,125910.78,8.91
2016-07-07,32.99,32.99,32.56,31.9,121052.17,-0.44,-1.33,32.874,31.755,30.108,161485.05,150786.09,115295.34,3.67
2016-07-06,33.42,33.77,32.99,32.61,129990.02,-0.38,-1.14,32.622,31.422,29.933,158229.76,151191.95,111480.54,3.94
2016-07-05,33.9,35.35,33.38,33.0,218346.23,-0.56,-1.65,32.214,30.996,29.731,157414.39,145737.44,107674.4,6.61
2016-07-04,31.49,34.25,33.91,31.18,199957.61,2.39,7.58,31.784,30.458,29.526,153009.58,129851.54,99768.45,6.06
2016-07-01,31.3,32.77,31.53,31.0,138079.23,0.23,0.73,31.256,29.872,29.307,150533.31,114896.0,92683.31,4.18
2016-06-30,30.8,31.67,31.3,30.7,104775.69,0.34,1.1,30.636,29.557,29.206,140087.12,109219.38,90823.56,3.17
2016-06-29,31.37,32.46,30.95,30.8,125913.17,-0.26,-0.83,30.222,29.226,29.107,144154.15,104378.08,89790.55,3.81
2016-06-28,31.9,31.9,31.23,31.01,196322.19,-0.04,-0.13,29.778,28.972,28.957,134060.5,98556.83,85270.07,5.95
2016-06-27,28.3,31.27,31.27,28.3,187576.25,2.84,9.99,29.132,28.634,28.815,106693.5,86129.68,79641.6,5.68
2016-06-24,29.0,29.2,28.43,27.8,85848.29,-0.8,-2.74,28.488,28.372,28.645,79258.69,80191.43,72902.41,2.6
2016-06-23,28.67,29.6,29.23,28.6,125110.84,0.51,1.78,28.478,28.46,28.615,78351.64,79804.59,70725.41,3.79
2016-06-22,28.01,28.74,28.73,27.81,75444.94,0.72,2.57,28.23,28.443,28.565,64602.02,71769.12,66775.76,2.29
2016-06-21,28.2,28.45,28.0,27.83,59487.2,-0.04,-0.14,28.166,28.465,28.57,63053.16,69611.36,65622.12,1.8
2016-06-20,28.3,28.46,28.05,27.61,50402.19,-0.33,-1.16,28.136,28.594,28.608,65565.85,69685.36,66627.56,1.53
2016-06-17,27.86,29.3,28.38,27.86,81313.05,0.4,1.43,28.256,28.741,28.613,81124.17,70470.63,66595.64,2.46
2016-06-16,28.25,28.45,27.99,27.8,56362.71,-0.42,-1.48,28.442,28.854,28.597,81257.54,72427.73,65906.26,1.71
2016-06-15,27.52,28.58,28.41,27.51,67700.66,0.56,2.01,28.656,28.987,28.652,78936.22,75203.02,66144.46,2.05
2016-06-14,28.2,28.45,27.85,27.5,72050.63,-0.78,-2.72,28.764,28.941,28.662,76169.56,71983.3,64606.45,2.18
2016-06-13,29.0,30.15,28.65,28.3,128193.81,-0.66,-2.25,29.052,28.995,28.677,73804.86,73153.53,63253.44,3.88
2016-06-08,28.89,29.72,29.31,28.3,81979.9,0.3,1.03,29.226,28.917,28.659,59817.08,65613.38,59530.94,2.48
2016-06-07,28.93,29.48,29.06,28.8,44756.1,0.13,0.45,29.266,28.77,28.591,63597.93,61646.23,58751.94,1.36
2016-06-06,29.5,29.6,28.95,28.8,53867.38,-0.34,-1.16,29.318,28.687,28.58,71469.82,61782.39,58567.09,1.63
2016-06-03,29.5,29.65,29.29,29.0,60227.12,-0.23,-0.78,29.118,28.675,28.561,67797.03,61632.87,59821.69,1.82
2016-06-02,29.45,29.6,29.52,29.08,58254.9,0.01,0.03,28.938,28.621,28.604,72502.19,63569.77,62282.14,1.76
2016-06-01,29.0,30.2,29.51,28.98,100884.13,0.2,0.68,28.608,28.485,28.756,71409.68,62720.66,62196.96,3.06
2016-05-31,28.0,29.49,29.32,28.0,84115.59,1.39,4.98,28.274,28.34,28.9,59694.53,59384.79,61047.36,2.55
2016-05-30,27.9,28.35,27.95,27.67,35503.42,-0.44,-1.55,28.056,28.316,29.058,52094.96,57085.89,60971.91,1.08
2016-05-27,28.05,28.85,28.39,27.51,83752.93,0.52,1.87,28.232,28.383,29.2,55468.7,57229.59,61305.55,2.54
2016-05-26,27.91,28.18,27.87,27.1,52792.33,0.03,0.11,28.304,28.359,29.325,54637.34,53353.36,60282.78,1.6
2016-05-25,28.47,28.69,27.84,27.8,42308.4,-0.39,-1.38,28.362,28.401,29.501,54031.64,53448.5,60216.92,1.28
2016-05-24,28.84,28.86,28.23,28.0,46117.74,-0.61,-2.12,28.406,28.412,29.682,59075.04,55857.65,61771.28,1.4
2016-05-23,28.55,29.0,28.83,28.55,52372.12,0.08,0.28,28.576,28.472,29.84,62076.82,55351.79,63318.84,1.59
2016-05-20,27.67,30.0,28.75,27.6,79596.09,0.57,2.02,28.534,28.446,30.022,58990.48,58010.52,65232.96,2.41
2016-05-19,28.2,28.89,28.16,27.92,49763.85,0.07,0.25,28.414,28.587,30.252,52069.38,60994.52,67185.57,1.51
2016-05-18,28.52,28.99,28.06,27.53,67525.39,-0.99,-3.41,28.44,29.026,30.547,52865.35,61673.26,74620.13,2.05
2016-05-17,28.65,29.17,29.08,28.03,61126.64,0.48,1.68,28.418,29.46,30.814,52640.27,62709.93,75601.62,1.85
2016-05-16,28.33,28.64,28.62,27.9,36940.45,0.47,1.67,28.368,29.799,31.019,48626.76,64857.92,77500.09,1.12
2016-05-13,28.39,28.72,28.15,27.71,44990.56,-0.15,-0.53,28.358,30.017,31.304,57030.55,65381.5,83756.84,1.36
2016-05-12,27.44,28.76,28.29,27.11,53743.73,0.34,1.22,28.76,30.291,31.594,69919.65,67212.21,89431.39,1.63
2016-05-11,28.99,29.3,27.95,27.5,66399.96,-0.88,-3.05,29.612,30.601,31.805,70481.16,66985.35,93217.27,2.01
2016-05-10,28.57,29.15,28.83,28.37,41059.1,0.26,0.91,30.502,30.951,32.011,72779.59,67684.9,96738.34,1.24
2016-05-09,30.0,30.02,28.57,28.18,78959.4,-1.58,-5.24,31.23,31.208,32.149,81089.09,71285.89,98312.44,2.39
2016-05-06,32.53,32.93,30.16,30.1,109436.08,-2.37,-7.29,31.676,31.598,32.265,73732.45,72455.4,98177.19,3.32
2016-05-05,32.4,33.06,32.55,32.25,56551.28,0.14,0.43,31.822,31.917,32.324,64504.77,73376.62,97363.82,1.71
2016-05-04,32.25,33.6,32.4,32.2,77892.11,-0.05,-0.15,31.59,32.068,32.329,63489.53,87567.01,102146.74,2.36
2016-05-03,30.75,32.47,32.47,30.7,82606.56,1.68,5.46,31.4,32.168,32.282,62590.21,88493.31,102969.76,2.5
2016-04-29,30.79,31.16,30.8,30.5,42176.23,-0.09,-0.29,31.186,32.239,32.184,61482.69,90142.26,102314.63,1.28
2016-04-28,31.5,31.5,30.89,29.95,63297.65,-0.49,-1.56,31.52,32.591,32.199,71178.34,102132.19,104819.33,1.92
2016-04-27,31.4,31.76,31.39,31.17,51475.09,-0.06,-0.19,32.012,32.897,32.213,82248.47,111650.57,106021.09,1.56
2016-04-26,31.5,31.74,31.45,30.68,73395.54,0.05,0.16,32.546,33.008,32.139,111644.49,119449.19,107222.84,2.22
2016-04-25,32.4,32.46,31.4,31.38,77068.92,-1.02,-3.15,32.936,33.071,32.104,114396.4,125791.78,109963.07,2.33
2016-04-22,33.5,33.52,32.47,31.72,90654.49,-0.91,-2.73,33.292,33.09,32.119,118801.83,125339.0,110274.25,2.75
2016-04-21,33.02,34.78,33.35,32.79,118648.33,-0.73,-2.14,33.662,32.931,32.065,133086.03,123898.98,112142.9,3.59
2016-04-20,33.4,35.17,34.06,31.55,198455.19,0.67,2.01,33.782,32.73,31.992,141052.66,121351.02,111818.4,6.01
2016-04-19,33.3,33.92,33.4,32.71,87155.05,0.24,0.72,33.47,32.589,31.887,127253.89,116726.47,110980.8,2.64
2016-04-18,33.85,33.94,33.18,32.87,99096.11,-1.17,-3.41,33.206,32.395,31.784,137187.17,117446.21,113982.97,3.0
2016-04-15,33.83,34.77,34.32,33.62,162075.48,0.45,1.33,32.888,32.129,31.635,131876.17,114486.99,118489.84,4.91
2016-04-14,33.0,33.98,33.95,32.81,158481.47,1.44,4.43,32.2,31.806,31.329,114711.93,107506.47,116891.0,4.8
2016-04-13,32.45,32.94,32.5,32.1,129461.32,0.4,1.25,31.678,31.529,30.982,101649.38,100391.61,112916.77,3.92
2016-04-12,31.43,32.68,32.08,31.32,136821.45,0.48,1.52,31.708,31.269,30.75,106199.06,94996.49,109880.51,4.14
2016-04-11,31.21,31.99,31.59,31.21,72541.11,0.75,2.43,31.584,31.137,30.566,97705.26,94134.37,108518.53,2.2
2016-04-08,30.98,31.75,30.88,30.38,76254.31,-0.44,-1.41,31.37,31.147,30.351,97097.82,95209.5,108410.56,2.31
2016-04-07,32.28,32.5,31.34,31.3,93168.71,-1.32,-4.04,31.412,31.198,30.165,100301.01,100386.82,108478.65,2.82
2016-04-06,31.1,33.77,32.65,31.0,152209.7,1.2,3.82,31.38,31.254,30.0,99133.84,102285.79,109736.6,4.61
2016-04-05,30.65,31.51,31.46,30.18,94352.47,0.93,3.05,30.83,31.184,29.798,83793.92,105235.14,107255.51,2.86
2016-04-01,30.75,31.11,30.52,29.82,69503.92,-0.53,-1.71,30.69,31.172,29.67,90563.48,110519.72,108319.58,2.11
2016-03-31,31.7,31.78,31.09,30.79,92270.23,-0.08,-0.26,30.924,31.14,29.554,93321.19,122492.69,112743.1,2.8
2016-03-30,30.19,31.2,31.18,30.03,87332.89,1.3,4.35,30.984,30.851,29.472,100472.63,126275.53,114008.51,2.65
2016-03-29,30.6,30.98,29.9,29.4,75510.1,-0.84,-2.73,31.128,30.435,29.405,105437.74,125441.93,116366.9,2.29
2016-03-28,32.35,32.75,30.76,30.22,128200.24,-0.94,-2.96,31.538,30.231,29.302,126676.35,124764.53,118388.15,3.88
2016-03-25,31.23,32.49,31.69,30.91,83292.47,0.31,0.99,31.654,29.994,29.099,130475.97,122902.69,117033.59,2.52
2016-03-24,31.28,32.85,31.39,31.05,128027.45,-0.5,-1.57,31.356,29.555,28.982,151664.19,121611.62,119060.43,3.88
2016-03-23,32.55,32.99,31.9,31.04,112158.43,-0.05,-0.16,30.718,29.133,28.941,152078.43,116570.48,120296.01,3.4
2016-03-22,30.99,33.31,31.95,30.55,181703.16,0.6,1.91,29.742,28.747,29.042,145446.12,117187.42,120122.69,5.5
2016-03-21,30.71,31.43,31.34,30.35,147198.34,1.13,3.74,28.924,28.411,29.105,122852.71,109275.88,114381.65,4.46
2016-03-18,28.38,30.8,30.2,28.33,189233.55,1.99,7.05,28.334,28.167,29.233,115329.42,106119.43,111614.57,5.73
2016-03-17,27.32,28.25,28.2,27.13,130098.67,1.14,4.21,27.754,27.967,29.394,91559.05,102993.51,106485.58,3.94
2016-03-16,28.0,28.1,27.02,26.77,78996.86,-0.88,-3.15,27.548,28.093,29.639,81062.52,101741.49,105846.75,2.39
2016-03-15,28.4,28.45,27.86,27.52,68736.15,-0.53,-1.87,27.752,28.375,29.979,88928.71,107291.87,109509.13,2.08
2016-03-14,27.8,28.85,28.39,27.41,109581.86,1.11,4.07,27.898,28.373,30.149,95699.05,112011.77,110692.21,3.32
2016-03-11,27.08,28.17,27.3,26.9,70381.7,0.1,0.37,28.0,28.204,30.228,96909.44,111164.49,108981.64,2.13
2016-03-10,28.1,28.3,27.17,27.05,77616.05,-0.85,-3.03,28.18,28.409,30.307,114427.97,116509.23,108797.04,2.35
2016-03-09,27.66,29.95,28.04,27.51,118327.81,-0.55,-1.92,28.638,28.748,30.431,122420.46,124021.54,110581.47,3.58
2016-03-08,28.62,28.62,28.59,26.9,102587.82,-0.37,-1.28,28.998,29.336,30.486,125655.02,123057.96,112087.46,3.11
2016-03-07,28.3,29.1,28.9,28.0,115633.81,0.73,2.59,28.848,29.798,30.422,128324.49,119487.41,113179.29,3.5
2016-03-04,29.52,30.48,28.2,26.79,157974.36,-1.26,-4.28,28.408,30.299,30.26,125419.54,117109.71,111758.58,4.79
2016-03-03,29.86,30.65,29.46,29.45,117578.52,-0.39,-1.31,28.638,30.821,30.18,118590.5,109977.65,109001.87,3.56
2016-03-02,27.54,29.99,29.84,27.51,134500.59,2.0,7.18,28.858,31.184,30.033,125622.63,109952.0,107371.98,4.07
2016-03-01,27.0,27.94,27.84,26.29,115935.18,1.13,4.23,29.674,31.583,30.013,120460.89,111726.4,108795.35,3.51
2016-02-29,29.0,29.15,26.7,26.5,101109.03,-2.74,-9.31,30.748,31.925,30.087,110650.33,109372.64,108829.29,3.06
2016-02-26,30.6,31.2,29.35,28.41,123829.17,-1.21,-3.96,32.19,32.251,30.382,108799.89,106798.79,107728.76,3.75
2016-02-25,33.78,33.78,30.56,30.56,152739.16,-3.4,-10.01,33.004,32.204,30.537,101364.81,101084.86,108538.13,4.63
2016-02-24,33.29,34.66,33.92,33.0,108691.92,0.71,2.14,33.51,32.113,30.585,94281.37,97141.39,108297.01,3.29
2016-02-23,33.95,34.17,33.21,32.58,66882.37,-0.7,-2.06,33.492,31.636,30.64,102991.91,101116.96,108042.55,2.03
2016-02-22,33.65,34.99,33.91,33.65,91856.84,0.5,1.5,33.102,31.046,30.799,108094.96,106871.17,111446.55,2.78
2016-02-19,33.3,33.65,33.42,32.58,86653.75,0.36,1.09,32.312,30.221,30.858,104797.69,106407.45,112731.41,2.62
2016-02-18,33.44,33.83,33.09,32.51,117321.96,-0.71,-2.1,31.404,29.539,30.936,100804.9,108026.08,117103.84,3.55
2016-02-17,32.05,34.4,33.83,32.05,152244.61,2.56,8.19,30.716,28.881,31.01,100001.42,104791.96,118310.1,4.61
2016-02-16,30.02,31.5,31.26,30.02,92397.62,1.42,4.76,29.78,28.442,30.911,99242.02,105864.3,116182.87,2.8
2016-02-15,27.88,30.27,29.96,27.72,75370.5,1.11,3.85,28.99,28.249,31.038,105647.37,108285.93,118231.83,2.28
2016-02-05,29.49,29.88,28.88,28.78,66689.82,-0.8,-2.69,28.13,28.512,31.418,108017.22,108658.73,120558.62,2.02
2016-02-04,29.1,30.45,29.65,28.61,113304.55,0.51,1.75,27.674,28.87,32.061,115247.26,115991.41,127082.37,3.43
2016-02-03,26.5,29.54,29.15,26.26,148447.62,1.85,6.78,27.046,29.057,32.617,109582.5,119452.63,124205.05,4.5
2016-02-02,25.89,27.99,27.31,25.76,124424.38,1.8,7.06,27.104,29.644,33.428,112486.58,114968.13,133119.0,3.77
2016-02-01,26.97,27.25,25.66,24.51,87219.72,-0.96,-3.61,27.508,30.552,34.176,110924.49,116021.94,147307.31,2.64
2016-01-29,26.3,27.49,26.6,25.02,102840.04,0.09,0.34,28.894,31.495,34.843,109300.24,119055.36,155543.36,3.12
2016-01-28,28.0,28.29,26.51,26.51,84980.75,-2.94,-9.98,30.066,32.332,35.497,116735.56,126181.6,159857.93,2.57
2016-01-27,28.99,30.41,29.44,26.4,162968.0,0.11,0.38,31.068,33.139,36.071,129322.77,131828.24,163400.74,4.94
2016-01-26,32.0,32.86,29.33,29.33,116613.92,-3.26,-10.0,32.184,33.38,36.393,117449.69,126501.44,157900.33,3.53
2016-01-25,32.46,33.05,32.59,32.0,79098.48,0.13,0.4,33.596,33.827,36.719,121119.39,128177.73,156230.4,2.4
2016-01-22,32.0,33.05,32.46,30.05,140016.66,0.94,2.98,34.096,34.323,36.938,128810.48,132458.52,155105.75,4.24
2016-01-21,33.6,34.86,31.52,31.52,147916.77,-3.5,-9.99,34.598,35.252,37.148,135627.64,138173.34,152239.36,4.48
2016-01-20,36.0,37.0,35.02,35.0,103602.61,-1.37,-3.77,35.21,36.177,37.46,134333.72,128957.46,150018.09,3.14
2016-01-19,34.72,37.83,36.39,34.11,134962.41,1.31,3.73,34.576,37.211,37.64,135553.2,151269.88,152645.48,4.09
2016-01-18,33.0,35.49,35.09,32.66,117553.94,0.12,0.34,34.058,37.8,37.672,135236.07,178592.69,150622.84,3.56
2016-01-15,34.57,36.69,34.97,34.1,174102.47,0.4,1.16,34.55,38.19,37.78,136106.56,192031.36,151266.77,5.27
2016-01-14,30.32,35.0,34.58,30.01,141447.16,2.69,8.44,35.906,38.662,37.87,140719.03,193534.27,149109.84,4.28
2016-01-13,33.7,34.79,31.85,31.81,109700.01,-1.95,-5.77,37.144,39.003,37.953,123581.2,194973.23,148191.17,3.32
2016-01-12,35.69,36.9,33.8,33.8,133376.78,-3.75,-9.99,39.846,39.405,38.205,166986.55,189299.21,149208.47,4.04
2016-01-11,39.0,39.66,37.55,37.55,121906.4,-4.17,-9.99,41.542,39.611,38.315,221949.31,184283.08,146857.86,3.69
2016-01-08,41.55,43.68,41.75,37.07,197164.8,0.98,2.4,41.83,39.553,38.178,247956.15,177752.99,144421.86,5.97
2016-01-07,43.3,43.39,40.77,40.77,55758.01,-4.53,-10.0,41.418,39.044,37.842,246349.5,166305.38,140268.26,1.69
2016-01-06,42.3,46.01,45.36,41.5,326726.78,3.08,7.29,40.862,38.742,37.629,266365.26,171078.73,145076.45,9.9
2016-01-05,36.5,42.28,42.28,35.31,408190.56,3.84,9.99,38.964,38.069,37.147,211611.87,154021.08,134026.21,12.37
2016-01-04,42.6,42.6,38.99,37.0,251940.59,-0.69,-1.74,37.68,37.543,36.883,146616.85,122652.98,121009.67,7.63
2015-12-31,38.0,40.2,39.69,37.8,189131.56,1.7,4.47,37.276,37.37,36.783,107549.83,110502.18,116498.39,5.73
2015-12-30,36.09,39.2,37.99,35.66,155836.8,2.1,5.85,36.67,37.077,36.703,86261.27,104685.41,114595.01,4.72
2015-12-29,35.31,35.95,35.87,35.0,52959.85,0.01,0.03,36.622,36.903,36.645,75792.19,101409.1,112818.31,1.6
2015-12-28,37.09,37.67,35.86,35.81,83215.43,-1.1,-2.98,37.174,37.005,36.661,96430.29,109117.73,118379.82,2.52
2015-12-25,36.67,37.63,36.97,36.5,56605.51,0.33,0.9,37.406,37.019,36.743,98689.12,109432.63,124051.24,1.71
2015-12-24,37.4,37.71,36.66,35.5,82688.74,-1.11,-2.94,37.464,36.802,36.85,113454.54,111090.73,132926.11,2.5
2015-12-23,38.87,38.87,37.75,37.7,103491.44,-0.88,-2.28,37.484,36.641,37.189,123109.55,114231.13,138562.21,3.14
2015-12-22,37.4,38.83,38.63,36.85,156150.31,1.62,4.38,37.184,36.516,37.476,127026.01,119074.17,143590.18,4.73
2015-12-21,36.97,37.46,37.02,36.55,94509.58,-0.23,-0.62,36.836,36.225,37.728,121805.17,114031.34,144010.45,2.86
2015-12-18,36.85,37.5,37.26,36.51,130432.61,0.51,1.39,36.632,36.223,38.142,120176.15,119366.36,145430.81,3.95
2015-12-17,36.6,37.17,36.76,36.32,130963.8,0.51,1.41,36.14,36.196,38.615,108726.92,122494.59,146241.87,3.97
2015-12-16,36.88,36.88,36.25,35.8,123073.77,-0.64,-1.74,35.798,36.329,39.015,105352.72,124504.61,148681.39,3.73
2015-12-15,36.32,37.36,36.89,36.13,130046.08,0.89,2.47,35.848,36.386,39.307,111122.32,124227.52,150174.08,3.94
2015-12-14,34.5,36.2,36.0,34.01,86364.49,1.19,3.42,35.614,36.317,39.557,106257.51,127641.91,155982.37,2.62
2015-12-11,34.95,35.59,34.8,34.65,73186.45,-0.23,-0.66,35.814,36.467,39.791,118556.56,138669.84,161572.82,2.22
2015-12-10,35.9,36.3,35.05,34.92,114092.79,-1.43,-3.92,36.252,36.897,40.03,136262.26,154761.49,165445.55,3.46
2015-12-09,35.74,36.8,36.5,35.11,151921.78,0.77,2.15,36.86,37.736,40.33,143656.5,162893.29,169542.5,4.6
2015-12-08,36.3,36.91,35.72,35.6,105722.03,-1.28,-3.46,36.924,38.436,40.465,137332.72,168106.2,166545.93,3.2
2015-12-07,36.76,37.49,37.0,35.2,147859.77,0.04,0.11,37.02,39.23,40.651,149026.32,173989.57,167667.64,4.48
2015-12-04,37.79,38.56,36.99,36.88,161714.92,-1.09,-2.86,37.12,40.06,40.785,158783.12,171495.25,171325.72,4.9
2015-12-03,36.88,38.24,38.09,36.3,151063.98,1.25,3.39,37.542,41.034,40.918,173260.73,169989.15,178957.53,4.58
2015-12-02,36.2,36.92,36.82,34.02,120302.89,0.72,1.99,38.612,41.701,40.833,182130.09,172858.17,180099.27,3.64
2015-12-01,37.54,37.58,36.2,35.3,164190.03,-1.21,-3.23,39.948,42.227,40.852,198879.67,176120.63,185418.68,4.97
2015-11-30,39.0,39.2,37.5,35.2,196643.8,-1.6,-4.09,41.44,42.797,40.796,198952.82,184322.83,187266.45,5.96
2015-11-27,42.92,42.96,39.1,39.1,234102.94,-4.34,-9.99,43.0,43.114,40.683,184207.38,184475.8,186568.27,7.09
2015-11-26,43.02,45.0,43.44,41.44,195410.8,0.0,0.0,44.526,43.163,40.606,166717.56,176129.61,189232.42,5.92
2015-11-25,44.96,45.5,43.5,42.17,204050.8,-0.14,-0.32,44.79,42.924,40.342,163586.24,176191.71,191659.95,6.18
2015-11-24,44.55,44.98,43.66,41.01,164555.78,-1.62,-3.58,44.506,42.493,39.902,153361.59,164985.66,198676.26,4.98
2015-11-23,46.89,48.0,45.3,44.0,122916.6,-1.41,-3.02,44.154,42.071,39.415,169692.84,161345.71,205941.68,3.72
2015-11-20,44.76,47.8,46.73,44.62,146653.84,1.99,4.45,43.228,41.509,38.692,184744.21,171156.19,211650.99,4.44
2015-11-19,41.88,45.58,44.76,41.5,179754.2,2.7,6.42,41.8,40.801,37.819,185541.65,187925.9,212130.39,5.45
2015-11-18,41.3,44.09,42.08,41.19,152927.55,0.17,0.41,41.058,39.965,37.037,188797.17,187340.36,212479.34,4.63
2015-11-17,40.03,44.0,41.9,39.85,246212.03,1.25,3.08,40.48,39.477,36.336,176609.73,194716.73,217080.29,7.46
2015-11-16,41.8,42.5,40.67,39.55,198173.41,1.08,2.73,39.988,38.795,35.804,152998.58,190210.07,213007.19,6.0
2015-11-13,40.3,41.25,39.59,38.98,150641.06,-1.41,-3.44,39.79,38.252,35.259,157568.18,188660.75,212298.95,4.56
2015-11-12,39.28,43.1,41.05,39.28,196031.81,1.87,4.77,39.802,38.049,34.811,190310.16,202335.22,214108.19,5.94
2015-11-11,39.23,39.74,39.19,38.38,91990.32,-0.25,-0.63,38.872,37.759,34.257,185883.56,207128.19,212478.12,2.79
2015-11-10,39.01,40.38,39.44,38.61,128156.31,-0.24,-0.6,38.474,37.31,33.724,212823.74,232366.86,217701.49,3.88
2015-11-09,39.0,41.65,39.68,39.0,221021.41,0.04,0.1,37.602,36.758,33.235,227421.55,250537.65,221401.13,6.7
2015-11-06,36.27,40.04,39.65,35.83,314350.94,3.25,8.93,36.714,35.875,32.691,219753.31,252145.78,225656.09,9.52
2015-11-05,36.81,37.96,36.4,35.88,173898.8,-0.79,-2.12,36.296,34.837,32.134,214360.29,236334.88,225115.68,5.27
2015-11-04,35.2,37.57,37.2,34.65,226691.25,2.58,7.45,36.646,34.108,31.61,228372.82,237618.32,230808.62,6.87
2015-11-03,36.0,36.9,35.08,33.28,201145.34,-0.15,-0.43,36.146,33.195,30.952,251909.98,239443.85,234658.58,6.09
2015-11-02,35.51,37.95,35.24,33.82,182680.22,-2.34,-6.23,35.914,32.812,30.309,273653.76,235804.31,231894.39,5.53
2015-10-30,38.0,41.29,37.56,36.48,287385.84,-0.59,-1.55,35.036,32.266,29.737,284538.24,235937.14,231776.56,8.71
2015-10-29,35.12,38.15,38.15,33.51,243961.44,3.47,10.01,33.378,31.572,29.026,258309.46,225881.15,231864.22,7.39
2015-10-28,35.0,37.31,34.7,34.0,344377.06,0.78,2.3,31.57,30.755,28.326,246863.83,217828.04,233947.19,10.43
2015-10-27,30.17,33.92,33.92,30.17,309864.22,3.08,9.99,30.244,30.137,27.759,226977.72,203036.11,233069.24,9.39
2015-10-26,29.9,32.1,30.85,29.43,237102.66,1.57,5.36,29.71,29.712,27.257,197954.86,192264.61,239968.57,7.18
2015-10-23,29.16,29.99,29.27,28.5,156241.94,0.16,0.55,29.496,29.507,26.799,187336.05,199166.4,232194.94,4.73
2015-10-22,27.5,29.46,29.11,27.27,186733.25,1.04,3.71,29.766,29.43,26.321,193452.84,213896.48,232919.79,5.66
2015-10-21,31.5,31.86,28.07,28.07,244946.55,-3.12,-10.0,29.94,29.112,25.855,188792.26,223998.91,237641.13,7.42
2015-10-20,29.75,31.25,31.25,29.2,164749.88,1.5,5.04,30.03,28.709,25.533,179094.5,229873.31,236891.45,4.99
2015-10-19,30.59,31.44,29.78,29.18,184008.61,-0.84,-2.74,29.714,27.806,24.953,186574.36,227984.47,236618.84,5.57
2015-10-16,30.0,30.98,30.62,29.58,186825.92,0.66,2.2,29.518,27.208,24.556,210996.76,227615.98,238598.84,5.66
2015-10-15,28.1,30.12,29.98,27.91,163430.34,1.47,5.16,29.094,26.48,24.239,234340.11,237847.29,240450.63,4.95
2015-10-14,29.6,30.96,28.52,28.0,196457.73,-1.14,-3.84,28.284,25.897,23.843,259205.57,250066.34,241245.47,5.95
2015-10-13,28.3,30.43,29.67,28.06,202149.19,0.92,3.2,27.388,25.381,23.419,280652.13,263102.37,239229.23,6.12
2015-10-12,29.0,30.5,28.8,28.21,306120.62,0.31,1.09,25.898,24.801,22.898,269394.59,287672.53,236686.3,9.27
2015-10-09,26.0,28.5,28.5,25.3,303542.69,2.59,10.0,24.898,24.091,22.396,244235.2,265223.47,227975.36,9.2
2015-10-08,24.56,26.44,25.93,24.56,287757.62,1.89,7.86,23.866,23.212,21.953,241354.46,251943.09,220443.8,8.72
2015-09-30,22.4,24.43,24.04,22.4,303690.53,1.83,8.24,23.51,22.597,21.748,240927.1,251283.35,211714.81,9.2
2015-09-29,22.99,23.33,22.22,21.99,145861.48,-1.58,-6.64,23.374,22.356,21.756,245552.62,243909.58,207288.83,4.42
2015-09-28,23.05,23.95,23.8,21.9,180323.7,0.46,1.97,23.704,22.1,21.906,305950.47,245253.2,211559.18,5.46
2015-09-25,23.88,25.75,23.34,23.2,289138.97,-0.8,-3.31,23.284,21.904,21.865,286211.74,249581.7,211883.97,8.76
2015-09-24,23.3,24.24,24.15,23.12,285620.84,0.81,3.47,22.558,21.997,21.794,262531.72,243053.98,207518.58,8.65
2015-09-23,23.13,24.07,23.36,23.0,326818.09,-0.51,-2.14,21.684,21.788,21.804,261639.6,232424.61,196944.68,9.9
2015-09-22,23.87,23.87,23.87,22.81,447850.75,2.17,10.0,21.338,21.456,21.989,242266.54,215356.09,184223.86,13.57
2015-09-21,19.88,21.7,21.7,19.65,81630.03,1.97,9.98,20.496,20.995,22.3,184555.93,185700.06,170465.81,2.47
2015-09-18,19.71,20.1,19.71,18.5,170738.91,-0.03,-0.15,20.524,20.701,22.804,212951.67,190727.26,174071.33,5.17
2015-09-17,21.6,22.8,19.78,19.66,281160.22,-1.85,-8.55,21.436,20.694,23.544,223576.24,188944.51,175792.48,8.52
2015-09-16,19.5,21.63,21.63,19.1,229952.81,1.97,10.02,21.892,20.898,24.27,203209.61,172146.27,170942.78,6.97
2015-09-15,19.78,21.12,19.66,19.66,159297.7,-2.18,-9.98,21.574,21.156,25.091,188445.64,170668.07,170762.77,4.83
2015-09-14,25.23,25.23,21.84,21.84,223608.69,-2.43,-10.01,21.494,21.712,25.948,186844.19,177865.16,174415.14,6.77
2015-09-11,22.5,24.27,24.27,22.11,223861.78,2.21,10.02,20.878,21.826,26.708,168502.85,174186.23,176041.02,6.78
2015-09-10,19.6,22.06,22.06,19.45,179327.09,2.01,10.03,19.952,21.591,27.275,154312.78,171983.18,177738.74,5.43
2015-09-09,19.3,20.59,20.04,18.89,156132.94,0.8,4.16,19.904,21.82,27.965,141082.93,161464.75,185051.53,4.73
2015-09-08,18.31,19.69,19.26,16.88,151290.44,0.51,2.72,20.738,22.522,28.713,152890.5,153091.62,186547.89,4.58
2015-09-07,19.64,20.8,18.76,18.33,131901.98,-0.88,-4.48,21.93,23.604,29.341,168886.12,155231.56,188148.54,4.0
2015-09-02,19.8,22.5,19.64,19.64,152911.44,-2.18,-9.99,22.774,24.906,29.938,179869.62,157415.41,188037.28,4.63
2015-09-01,23.88,23.9,21.82,21.82,113177.87,-2.42,-9.98,23.23,26.394,30.528,189653.59,162640.45,191334.05,3.43
2015-08-31,25.9,26.32,24.21,24.02,215170.78,-1.01,-4.0,23.736,27.642,31.012,181846.56,169739.28,195499.54,6.52
2015-08-28,22.93,25.22,25.22,22.9,231268.55,2.29,9.99,24.306,29.026,31.233,153292.74,170857.47,191005.5,7.01
2015-08-27,22.35,23.32,22.98,19.88,186819.44,1.06,4.84,25.278,30.183,31.56,141577.0,170965.12,191606.03,5.66
2015-08-26,24.25,24.88,21.92,21.92,201831.31,-2.43,-9.98,27.038,31.59,32.04,134961.2,177895.81,199220.57,6.11
2015-08-25,24.35,24.88,24.35,24.35,74142.7,-2.71,-10.02,29.558,32.958,32.509,135627.32,183494.29,198609.7,2.25
2015-08-24,28.4,28.4,27.06,27.06,72401.71,-3.01,-10.01,31.548,34.11,32.714,157632.0,208638.32,204961.56,2.19
2015-08-21,30.54,32.87,30.08,29.2,172689.86,-1.67,-5.26,33.746,34.903,32.891,188422.21,220004.16,213608.77,5.23
2015-08-20,33.9,35.5,31.78,31.5,153740.44,-2.75,-7.96,35.088,35.077,33.087,200353.24,221065.51,218894.59,4.66
2015-08-19,32.1,35.21,34.52,30.98,205161.88,0.22,0.64,36.142,34.969,33.137,220830.42,218659.16,221470.48,6.21
2015-08-18,37.65,38.04,34.3,34.3,184166.12,-3.81,-10.0,36.358,34.662,33.01,231361.25,220027.64,224112.25,5.58
2015-08-17,36.66,39.0,38.05,36.23,226352.73,1.25,3.4,36.672,34.381,32.843,259644.63,221259.81,225908.46,6.86
2015-08-14,36.78,37.66,36.79,36.11,232345.05,-0.29,-0.78,36.06,33.439,32.518,251586.12,211153.52,233991.11,7.04
2015-08-13,34.46,37.2,37.05,32.8,256126.31,1.47,4.13,35.066,32.936,32.151,241777.77,212246.94,238502.85,7.76
2015-08-12,36.75,38.18,35.6,35.52,257816.06,-0.28,-0.78,33.796,32.49,31.638,216487.9,220545.32,237338.29,7.81
2015-08-11,36.0,37.28,35.87,35.4,325583.0,0.88,2.52,32.966,32.06,31.229,208694.02,213725.11,230918.22,9.86
2015-08-10,32.54,34.99,34.99,32.13,186060.19,3.18,10.0,32.09,31.318,30.955,182874.98,201284.81,233511.91,5.64
2015-08-07,31.62,32.08,31.82,30.4,183303.31,1.14,3.72,30.818,30.878,30.775,170720.93,207213.38,244688.54,5.55
2015-08-06,30.0,32.5,30.7,29.68,129676.94,-0.69,-2.2,30.806,31.096,30.61,182716.1,216723.66,251113.89,3.93
2015-08-05,31.87,32.95,31.45,30.6,218846.66,-0.04,-0.13,31.184,31.305,30.372,224602.74,224281.79,267410.86,6.63
2015-08-04,27.7,31.49,31.49,27.7,196487.81,2.86,9.99,31.154,31.358,29.979,218756.2,228196.86,256583.47,5.95
2015-08-03,30.0,31.0,28.63,28.63,125289.91,-3.18,-10.0,30.546,31.304,29.714,219694.63,230557.12,247059.03,3.8
2015-07-31,31.89,33.71,31.76,30.8,243279.16,-0.78,-2.4,30.938,31.597,29.738,243705.83,256828.69,246970.28,7.37
2015-07-30,31.7,34.43,32.59,31.0,339110.16,1.29,4.12,31.386,31.366,29.767,250731.23,264758.77,238707.02,10.27
2015-07-29,29.5,31.3,31.3,27.77,189613.95,2.85,10.02,31.426,30.785,29.934,223960.85,254131.27,227080.93,5.74
2015-07-28,27.53,32.0,28.45,27.53,201179.98,-2.14,-7.0,31.562,30.397,30.344,237637.52,248111.33,224261.15,6.09
2015-07-27,32.22,35.46,30.59,30.59,245345.92,-3.4,-10.0,32.062,30.592,31.08,241419.61,265739.01,224023.28,7.43
2015-07-24,32.75,35.87,34.0,32.45,278406.12,1.21,3.69,32.256,30.671,31.53,269951.55,282163.7,220039.55,8.43
2015-07-23,32.12,33.52,32.79,31.2,205258.27,0.82,2.56,31.346,30.124,32.028,278786.31,285504.12,210771.28,6.22
2015-07-22,30.4,32.8,31.98,30.3,257997.31,1.2,3.9,30.144,29.439,32.829,284301.69,310539.92,210296.31,7.82
2015-07-21,30.34,31.53,30.95,29.96,220090.41,-0.59,-1.87,29.232,28.599,33.607,258585.14,284970.09,202359.41,6.67
2015-07-20,29.5,32.39,31.56,29.46,388005.62,2.11,7.17,29.122,28.124,34.409,290058.42,263560.95,199255.04,11.75
2015-07-17,27.28,29.45,29.45,26.5,322579.94,2.68,10.01,29.086,27.879,35.006,294375.86,237111.87,183192.16,9.77
2015-07-16,24.68,28.8,26.78,24.68,232835.16,-0.64,-2.33,28.902,28.168,35.753,292221.92,212655.27,171112.4,7.05
2015-07-15,29.0,29.55,27.42,27.42,129414.55,-3.05,-10.01,28.734,29.083,36.759,336778.15,200030.58,165116.62,3.92
2015-07-14,31.2,33.99,30.4,29.16,377456.84,-0.98,-3.12,27.966,30.291,37.738,311355.04,200410.98,164613.81,11.43
2015-07-13,29.55,31.38,31.38,28.0,409592.81,2.85,9.99,27.126,31.569,38.589,237063.47,182307.54,153451.5,12.41
2015-07-10,25.91,28.53,28.53,25.18,311810.25,2.59,9.98,26.672,32.388,39.445,179847.89,157915.39,140867.77,9.45
2015-07-09,21.22,25.94,25.94,21.22,455616.28,2.36,10.01,27.434,33.932,40.387,133088.61,136038.43,131123.98,13.8
2015-07-08,23.58,23.58,23.58,23.58,2299.0,-2.62,-10.0,29.432,36.218,41.382,63283.02,110052.7,113345.68,0.07
2015-07-07,26.2,26.2,26.2,26.2,5999.0,-2.91,-10.0,32.616,38.614,42.455,89466.93,119748.73,116936.95,0.18
2015-07-06,34.65,34.65,29.11,29.11,123514.91,-3.23,-9.99,36.012,40.694,43.409,127551.61,134949.13,122273.03,3.74
2015-07-03,32.34,35.1,32.34,32.34,78013.88,-3.59,-9.99,38.104,42.133,44.353,135982.89,129272.45,124729.45,2.36
2015-07-02,39.0,40.44,35.93,35.93,106588.31,-3.99,-9.99,40.43,43.339,45.1,138988.25,129569.54,127158.22,3.23
2015-07-01,41.5,44.0,39.5,38.81,133218.53,-3.62,-8.39,43.004,44.435,45.571,156822.37,130202.66,132179.65,4.04
2015-06-30,37.0,43.5,43.18,35.61,196422.41,3.61,9.12,44.612,45.184,45.998,150030.54,128816.64,132348.88,5.95
2015-06-29,44.7,45.19,39.57,39.57,165671.33,-4.4,-10.01,45.376,45.608,46.23,142346.66,124595.46,130425.59,5.02
2015-06-26,45.4,48.2,43.97,43.97,93040.69,-4.88,-9.99,46.162,46.501,46.54,122562.0,123820.16,130997.35,2.82
2015-06-25,48.0,51.0,48.8,45.88,195758.91,1.45,3.06,46.248,46.841,46.59,120150.82,126209.53,139334.69,5.93
2015-06-24,48.0,48.99,47.54,47.04,99259.34,0.5,1.06,45.866,46.546,46.649,103582.95,116638.67,141314.28,3.01
2015-06-23,42.5,47.32,47.0,40.07,158003.02,3.73,8.62,45.756,46.296,46.848,107602.75,114125.16,147602.7,4.79
2015-06-19,42.95,44.5,43.5,40.6,66748.03,-0.84,-1.89,45.84,46.124,46.84,106844.25,109596.92,151372.46,2.02
2015-06-18,46.91,47.0,44.4,44.01,80984.81,-2.51,-5.35,46.84,46.572,46.839,125078.32,120186.45,158151.97,2.45
2015-06-17,45.98,46.99,46.89,42.8,112919.56,0.62,1.34,47.434,46.861,46.683,132268.23,124746.9,163135.55,3.42
2015-06-16,46.46,47.5,46.99,42.68,119358.31,-0.43,-0.91,47.226,46.707,46.328,129694.39,134156.64,167146.79,3.62
2015-06-15,48.89,50.5,47.42,47.06,154210.55,-1.08,-2.23,46.836,46.811,45.922,120647.57,135881.11,173391.3,4.67
2015-06-12,47.5,48.98,48.5,46.52,157918.36,1.13,2.38,46.408,46.852,45.493,112349.6,136255.73,181460.44,4.78
2015-06-11,45.57,47.45,47.37,45.15,116934.38,1.52,3.31,46.304,46.578,44.834,115294.59,138174.54,187718.46,3.54
2015-06-10,44.1,46.75,45.85,44.01,100050.36,0.81,1.8,46.288,46.339,44.119,117225.56,152459.86,186982.83,3.03
2015-06-09,44.5,46.5,45.04,44.0,74124.22,-0.24,-0.53,46.188,46.752,43.491,138618.89,165989.89,188747.71,2.25
2015-06-08,47.98,48.15,45.28,44.99,112720.66,-2.7,-5.63,46.786,47.4,42.942,151114.65,181080.24,192115.44,3.41
2015-06-05,48.1,49.8,47.98,46.8,172643.31,0.69,1.46,47.296,47.556,42.301,160161.86,193148.01,190971.09,5.23
2015-06-04,45.4,47.35,47.29,41.2,126589.26,1.94,4.28,46.852,47.106,41.486,161054.5,196117.49,186306.63,3.83
2015-06-03,48.18,48.49,45.35,43.9,207017.0,-2.68,-5.58,46.39,46.504,40.661,187694.16,201524.2,185020.36,6.27
2015-06-02,47.91,49.18,48.03,46.5,136603.02,0.2,0.42,47.316,45.949,39.997,193360.89,200136.95,181628.44,4.14
2015-06-01,46.0,48.0,47.83,45.01,157956.73,2.07,4.52,48.014,45.032,39.303,211045.83,210901.49,181413.48,4.78
2015-05-29,44.06,47.0,45.76,42.5,177106.5,0.78,1.73,47.816,44.134,38.682,226134.15,226665.16,184079.97,5.37
2015-05-28,49.3,51.0,44.98,44.98,259787.56,-5.0,-10.0,47.36,43.09,38.031,231180.49,237262.38,179715.64,7.87
2015-05-27,52.05,54.89,49.98,49.51,235350.64,-1.54,-2.99,46.618,41.898,37.455,215354.24,221505.8,172840.02,7.13
2015-05-26,47.2,51.52,51.52,47.0,225027.72,4.68,9.99,44.582,40.229,36.583,206913.0,211505.54,169563.79,6.82
2015-05-25,42.68,47.27,46.84,41.8,233398.31,3.36,7.73,42.05,38.483,35.733,210757.15,203150.65,168987.8,7.07
2015-05-22,42.01,45.17,43.48,39.81,202338.2,2.21,5.36,40.452,37.045,35.08,227196.17,188794.18,165554.22,6.13
2015-05-21,40.03,42.0,41.27,39.56,180656.34,1.47,3.69,38.82,35.865,34.565,243344.27,176495.76,164425.11,5.47
2015-05-20,39.42,42.57,39.8,39.42,193144.44,0.94,2.42,37.178,34.817,34.21,227657.36,168516.52,167501.61,5.85
2015-05-19,39.2,40.1,38.86,37.87,244248.45,0.01,0.03,35.876,34.045,33.93,216098.07,163119.94,175291.05,7.4
2015-05-18,35.63,38.85,38.85,35.63,315593.41,3.53,9.99,34.916,33.574,33.703,195544.15,151925.47,183620.06,9.56
2015-05-15,34.0,36.35,35.32,34.0,283078.72,2.26,6.84,33.638,33.23,33.395,150392.19,141494.78,186014.97,8.58
2015-05-14,33.1,33.88,33.06,32.94,102221.77,-0.23,-0.69,32.91,32.972,33.189,109647.25,122168.9,184442.5,3.1
2015-05-13,33.67,34.59,33.29,33.16,135348.02,-0.77,-2.26,32.456,33.012,33.043,109375.68,124174.25,191974.96,4.1
2015-05-12,32.7,34.2,34.06,32.41,141478.83,1.6,4.93,32.214,32.936,32.892,110141.81,127622.04,196619.9,4.29
2015-05-11,32.03,32.89,32.46,31.83,89833.62,0.78,2.46,32.232,32.982,32.658,108306.8,134824.95,195891.53,2.72
2015-05-08,30.91,32.12,31.68,30.91,79354.03,0.89,2.89,32.822,33.114,32.499,132597.37,142314.26,197007.11,2.41
2015-05-07,31.75,31.9,30.79,30.2,100863.9,-1.29,-4.02,33.034,33.265,32.35,134690.54,152354.45,200510.16,3.06
2015-05-06,33.85,34.8,32.08,32.03,139178.66,-2.07,-6.06,33.568,33.602,32.309,138972.82,166486.71,203776.14,4.22
2015-05-05,35.25,35.29,34.15,33.8,132303.77,-1.26,-3.56,33.658,33.815,32.248,145102.27,187462.16,207976.59,4.01
2015-05-04,32.9,35.53,35.41,32.38,211286.48,2.67,8.15,33.732,33.832,32.076,161343.1,215314.65,213727.8,6.41
2015-04-30,33.2,33.9,32.74,32.68,89819.89,-0.72,-2.15,33.406,33.56,31.789,152031.15,230535.17,212511.96,2.72
2015-04-29,32.5,33.88,33.46,31.9,122275.29,0.93,2.86,33.496,33.405,31.651,170018.35,246716.11,215041.38,3.71
2015-04-28,34.46,34.65,32.53,32.28,169825.91,-1.99,-5.76,33.636,33.073,31.478,194000.6,259775.67,218244.25,5.15
2015-04-27,34.0,35.68,34.52,34.0,213507.95,0.74,2.19,33.972,32.848,31.357,229822.04,265617.76,216917.99,6.47
2015-04-24,32.61,34.97,33.78,32.6,164726.7,0.59,1.78,33.932,32.333,31.129,269286.2,256958.1,212774.78,4.99
2015-04-23,34.16,34.42,33.19,33.12,179755.92,-0.97,-2.84,33.714,31.884,30.975,309039.19,251699.97,217013.15,5.45
2015-04-22,33.68,34.77,34.16,33.28,242186.53,-0.05,-0.15,33.314,31.434,30.806,323413.86,248665.88,215525.31,7.34
2015-04-21,35.36,37.2,34.21,34.19,348933.12,-0.11,-0.32,32.51,31.016,30.612,325550.74,241065.58,217601.53,10.58
2015-04-20,32.18,35.5,34.32,31.52,410828.75,1.63,4.99,31.724,30.68,30.377,301413.47,228491.03,208852.22,12.45
2015-04-17,31.9,33.68,32.69,31.22,363491.62,1.5,4.81,30.734,30.32,30.12,244630.0,212140.95,196596.6,11.02
2015-04-16,29.5,31.24,31.19,28.66,251629.27,1.05,3.48,30.054,30.018,29.964,194360.74,194488.75,194247.04,7.63
2015-04-15,30.3,31.6,30.14,30.05,252870.92,-0.14,-0.46,29.554,29.896,29.865,173917.9,183366.65,192968.56,7.67
2015-04-14,29.44,30.3,30.28,28.85,228246.8,0.91,3.1,29.522,29.883,29.797,156580.42,176712.84,190435.36,6.92
2015-04-13,29.3,29.65,29.37,28.83,126911.38,0.08,0.27,29.636,29.866,29.692,155568.58,168218.22,186526.21,3.85
2015-04-10,28.5,29.5,29.29,28.31,112145.35,0.6,2.09,29.906,29.925,29.603,179651.9,168591.46,185103.59,3.4
2015-04-09,29.98,29.98,28.69,28.3,149415.05,-1.29,-4.3,29.982,30.065,29.497,194616.76,182326.33,182623.76,4.53
2015-04-08,30.85,30.9,29.98,29.55,166183.53,-0.87,-2.82,30.238,30.177,29.416,192815.39,182384.75,178576.21,5.04
2015-04-07,31.08,31.48,30.85,30.4,223187.61,0.13,0.42,30.244,30.207,29.277,196845.26,194137.47,174238.85,6.77
2015-04-03,29.68,30.8,30.72,29.6,247327.95,1.05,3.54,30.096,30.075,29.106,180867.86,189213.4,166492.16,7.5
2015-04-02,30.1,30.28,29.67,29.48,186969.66,-0.3,-1.0,29.944,29.921,28.931,157531.03,181052.25,157495.12,5.67
2015-04-01,29.9,30.17,29.97,29.8,140408.22,-0.04,-0.13,30.148,29.909,28.846,170035.89,194005.32,153054.33,4.26
2015-03-31,30.1,30.68,30.01,29.83,186332.84,-0.1,-0.33,30.116,29.834,28.79,171954.1,202570.48,150598.19,5.65
2015-03-30,30.0,30.23,30.11,29.73,143300.62,0.15,0.5,30.17,29.71,28.74,191429.69,204157.88,146914.09,4.34
2015-03-27,30.6,30.95,29.96,29.81,130643.8,-0.73,-2.38,30.054,29.518,28.695,197558.95,204834.2,144554.51,3.96
2015-03-26,29.81,31.22,30.69,29.41,249493.97,0.88,2.95,29.898,29.281,28.658,204573.48,201615.71,148479.02,7.56
2015-03-25,30.1,30.19,29.81,29.51,149999.27,-0.47,-1.55,29.67,28.929,28.557,217974.75,182921.2,140944.7,4.55
2015-03-24,29.72,30.8,30.28,29.11,283710.78,0.75,2.54,29.552,28.654,28.488,233186.86,174767.66,138998.95,8.6
2015-03-23,29.2,29.69,29.53,29.01,173946.91,0.35,1.2,29.25,28.346,28.367,216886.06,154340.23,129085.93,5.27
2015-03-20,29.1,29.85,29.18,29.09,165716.47,-0.37,-1.25,28.982,28.136,28.294,212109.46,143770.92,126535.7,5.02
2015-03-19,29.99,30.59,29.55,29.28,316500.34,0.33,1.13,28.664,27.94,28.222,198657.95,133937.98,124031.64,9.59
2015-03-18,28.53,29.28,29.22,28.5,226059.81,0.45,1.56,28.188,27.783,28.105,147867.65,112103.33,111009.18,6.85
2015-03-17,28.29,29.23,28.77,28.02,202206.78,0.58,2.06,27.756,27.745,28.004,116348.47,98625.89,104661.08,6.13
2015-03-16,27.9,28.2,28.19,27.66,150063.88,0.6,2.17,27.442,27.77,27.912,91794.4,89670.3,96416.22,4.55
2015-03-13,27.35,27.8,27.59,27.35,98458.93,0.42,1.55,27.29,27.872,27.837,75432.37,84274.82,94761.28,2.98
2015-03-12,27.05,27.46,27.17,27.02,62548.85,0.11,0.41,27.216,28.034,27.829,69218.02,95342.32,93695.08,1.9
2015-03-11,27.04,27.33,27.06,26.93,68463.89,-0.14,-0.52,27.378,28.185,27.857,76339.01,98968.2,97795.17,2.08
2015-03-10,27.42,27.77,27.2,27.19,79436.43,-0.23,-0.84,27.734,28.321,27.909,80903.32,103230.25,98960.37,2.41
2015-03-09,27.22,27.5,27.43,26.7,68253.77,0.21,0.77,28.098,28.387,27.975,87546.2,103831.62,98170.02,2.07
2015-03-06,28.09,28.19,27.22,27.2,67387.17,-0.76,-2.72,28.454,28.452,28.015,93117.26,109300.48,98327.81,2.04
2015-03-05,28.87,29.07,27.98,27.83,98153.8,-0.86,-2.98,28.852,28.504,28.053,121466.62,114125.3,97840.4,2.98
2015-03-04,29.03,29.55,28.84,28.65,91285.43,-0.18,-0.62,28.992,28.426,28.066,121597.39,109915.04,95682.8,2.77
2015-03-03,29.01,29.71,29.02,28.73,112650.84,-0.19,-0.65,28.908,28.263,28.053,125557.17,110696.27,94864.14,3.42
2015-03-02,29.23,29.29,29.21,28.7,96109.06,0.0,0.0,28.676,28.054,28.055,120117.04,103162.15,94986.17,2.91
2015-02-27,29.01,30.77,29.21,28.81,209133.95,0.53,1.85,28.45,27.802,28.076,125483.7,105247.74,96480.83,6.34
2015-02-26,28.11,28.71,28.68,28.0,98807.66,0.26,0.92,28.156,27.623,28.084,106783.99,92047.84,93571.38,3.0
2015-02-25,28.28,28.81,28.42,27.91,111084.34,0.56,2.01,27.86,27.528,28.189,98232.69,96622.13,101909.45,3.37
2015-02-17,28.09,28.19,27.86,27.83,85450.21,-0.22,-0.78,27.618,27.496,28.218,95835.38,94690.5,106556.08,2.59
2015-02-16,27.64,28.2,28.08,27.51,122942.35,0.34,1.23,27.432,27.563,28.229,86207.26,92508.42,110652.81,3.73
2015-02-13,27.26,28.39,27.74,27.25,115635.38,0.54,1.99,27.154,27.578,28.172,85011.78,87355.14,112857.04,3.51
2015-02-12,27.13,27.55,27.2,26.89,56051.17,-0.01,-0.04,27.09,27.601,28.131,77311.68,81555.49,112534.49,1.7
2015-02-11,26.93,27.8,27.21,26.7,99097.77,0.28,1.04,27.196,27.705,28.124,95011.57,81450.56,120894.75,3.0
2015-02-10,26.43,26.95,26.93,26.42,37309.61,0.24,0.9,27.374,27.842,28.098,93545.62,79032.0,119437.87,1.13
2015-02-09,27.44,28.0,26.69,26.45,116964.97,-0.73,-2.66,27.694,28.056,28.081,98809.58,86810.19,123296.5,3.55
2015-02-06,27.2,28.5,27.42,26.92,77134.89,-0.31,-1.12,28.002,28.35,28.064,89698.51,87713.93,124258.83,2.34
2015-02-05,28.14,28.84,27.73,27.18,144550.61,-0.37,-1.32,28.112,28.544,28.099,85799.3,95094.93,130154.56,4.38
2015-02-04,28.64,28.95,28.1,28.0,91768.03,-0.43,-1.51,28.214,28.85,28.12,67889.55,107196.78,131470.09,2.78
2015-02-03,28.29,28.75,28.53,28.13,63629.41,0.3,1.06,28.31,28.939,28.134,64518.37,118421.66,137083.81,1.93
2015-02-02,27.88,28.75,28.23,27.25,71409.6,0.26,0.93,28.418,28.895,28.177,74810.81,128797.2,145370.37,2.16
2015-01-30,28.78,28.79,27.97,27.9,57638.84,-0.27,-0.96,28.698,28.766,28.102,85729.35,138358.93,149148.36,1.75
2015-01-29,28.35,28.85,28.24,28.14,55001.88,-0.34,-1.19,28.976,28.661,28.091,104390.56,143513.48,154191.07,1.67
2015-01-28,29.0,29.16,28.58,28.37,74912.14,-0.49,-1.69,29.486,28.543,28.011,146504.0,160338.93,159182.87,2.27
2015-01-27,29.66,29.7,29.07,28.79,115091.57,-0.56,-1.89,29.568,28.353,28.01,172324.94,159843.75,165401.36,3.49
2015-01-26,29.7,30.2,29.63,29.0,126002.31,0.27,0.92,29.372,28.106,28.044,182783.59,159782.81,165418.25,3.82
2015-01-23,30.5,30.5,29.36,29.0,150944.92,-1.43,-4.64,28.834,27.778,28.085,190988.52,160803.74,164290.46,4.58
2015-01-22,29.0,31.89,30.79,28.34,265569.06,1.8,6.21,28.346,27.653,28.138,182636.4,165214.19,162577.9,8.05
2015-01-21,28.0,29.45,28.99,27.84,204016.84,0.9,3.2,27.6,27.389,28.082,174173.86,155743.41,155582.79,6.18
2015-01-20,26.99,28.17,28.09,26.6,167384.83,1.15,4.27,27.138,27.329,28.181,147362.56,155745.97,155491.45,5.07
2015-01-19,26.3,27.68,26.94,25.4,167026.94,0.02,0.07,26.84,27.459,28.402,136782.02,161943.53,157845.65,5.06
2015-01-16,27.07,27.18,26.92,26.5,109184.32,-0.14,-0.52,26.722,27.437,28.7,130618.95,159937.78,165545.6,3.31
2015-01-15,26.68,27.39,27.06,26.32,223256.38,0.38,1.42,26.96,27.521,28.899,147791.98,164868.66,179164.55,6.77
2015-01-14,26.5,27.0,26.68,26.19,69960.31,0.08,0.3,27.178,27.479,29.054,137312.95,158026.81,180804.66,2.12
2015-01-13,26.4,26.99,26.6,26.2,114482.14,0.25,0.95,27.52,27.667,29.092,164129.38,170958.96,193166.13,3.47
2015-01-12,27.71,28.5,26.35,26.08,136211.62,-1.76,-6.26,28.078,27.982,29.009,187105.05,171053.69,196777.8,4.13
2015-01-09,28.1,29.47,28.11,27.6,195049.47,-0.04,-0.14,28.152,28.392,28.942,189256.62,167777.19,201748.57,5.91
2015-01-08,28.22,29.25,28.15,27.86,170861.22,-0.24,-0.84,28.082,28.623,28.707,181945.34,159941.61,199034.91,5.18
2015-01-07,29.5,29.5,28.39,27.98,204042.47,-1.0,-3.4,27.78,28.774,28.466,178740.68,155422.17,204050.95,6.19
2015-01-06,26.8,29.39,29.39,26.4,229360.48,2.67,9.99,27.814,29.032,28.342,177788.54,155236.93,216596.05,6.95
2015-01-05,27.51,28.99,26.72,26.53,146969.44,-1.04,-3.75,27.886,29.345,28.109,155002.34,153747.76,222576.69,4.46
2014-12-31,27.0,28.9,27.76,26.87,158493.11,1.12,4.2,28.632,29.963,27.898,146297.76,171153.42,223594.98,4.8
2014-12-30,28.28,28.38,26.64,26.07,154837.88,-1.92,-6.72,29.164,30.276,27.625,137937.87,193460.44,225920.87,6.63
2014-12-29,29.65,29.65,28.56,27.27,199281.8,-1.19,-4.0,29.768,30.629,27.357,132103.67,203582.51,222185.55,8.54
2014-12-26,29.9,30.5,29.75,29.7,115429.45,-0.7,-2.3,30.25,30.516,26.992,132685.32,215373.3,215587.31,4.94
2014-12-25,30.7,30.7,30.45,29.47,103446.56,0.03,0.1,30.804,30.035,26.585,152493.18,222501.91,216719.3,4.43
2014-12-24,29.4,30.75,30.42,29.4,116693.64,0.76,2.56,31.294,29.492,26.122,196009.08,235719.96,215182.02,5.0
2014-12-23,30.3,31.26,29.66,29.28,125666.89,-1.31,-4.23,31.388,28.791,25.668,248983.01,238128.22,214508.54,5.38
2014-12-22,32.03,33.75,30.97,29.95,202190.06,-1.55,-4.77,31.49,28.157,25.242,275061.35,252679.73,211245.66,8.66
2014-12-19,32.0,33.84,32.52,31.35,214468.75,-0.38,-1.16,30.782,27.651,24.739,298061.28,277955.18,204480.5,9.19
2014-12-18,29.9,33.98,32.9,29.7,321026.06,2.01,6.51,29.266,26.873,24.158,292510.64,291405.61,196236.61,13.75
2014-12-17,29.99,31.8,30.89,29.03,381563.28,0.72,2.39,27.69,25.832,23.545,275430.84,276036.55,181521.02,16.34
2014-12-16,28.88,30.17,30.17,28.71,256058.62,2.74,9.99,26.194,24.973,23.036,227273.42,258381.31,164436.07,10.97
2014-12-15,24.66,27.43,27.43,24.16,317189.69,2.49,9.98,24.824,24.085,22.66,230298.12,240788.59,159613.83,13.59
2014-12-12,24.7,25.47,24.94,24.44,186715.56,-0.08,-0.32,24.52,23.468,22.395,257849.07,215801.33,150859.62,8.0
2014-12-11,23.41,25.71,25.02,22.6,235627.05,1.61,6.88,24.48,23.134,22.245,290300.58,210936.7,148750.45,10.09
2014-12-10,22.65,23.86,23.41,22.2,140776.19,0.09,0.39,23.974,22.752,22.072,276642.25,194644.07,143320.66,6.03
2014-12-09,25.4,25.57,23.32,23.32,271182.09,-2.59,-10.0,23.752,22.544,21.983,289489.19,190888.86,143490.29,11.63
2014-12-08,25.1,26.66,25.91,24.81,454944.47,1.17,4.73,23.346,22.326,21.887,251279.06,169811.58,134369.45,19.51
2014-12-05,23.15,24.74,24.74,21.38,348973.12,2.25,10.0,22.416,21.826,21.578,173753.58,131005.83,109709.83,14.96
2014-12-04,22.15,22.63,22.49,21.99,167335.38,0.19,0.85,21.788,21.442,21.314,131572.81,101067.61,89771.22,7.18
2014-12-03,21.29,22.34,22.3,20.75,205010.91,1.01,4.74,21.53,21.258,21.207,112645.9,87005.5,82719.94,8.79
2014-12-02,21.32,21.7,21.29,21.05,80131.43,0.03,0.14,21.336,21.098,21.098,92288.52,70490.84,70490.84,3.44
2014-12-01,21.4,21.89,21.26,21.25,67317.08,-0.34,-1.57,21.306,21.077,21.077,88344.09,69419.66,69419.66,2.89
2014-11-28,21.24,22.9,21.6,20.96,138069.27,0.4,1.89,21.236,21.054,21.054,88258.08,69682.49,69682.49,5.92
2014-11-27,21.2,21.4,21.2,21.04,72700.8,-0.13,-0.61,21.096,20.976,20.976,70562.4,59912.94,59912.94,3.12
2014-11-26,21.16,21.68,21.33,20.73,103224.0,0.19,0.9,20.986,20.938,20.938,61365.1,57781.64,57781.64,4.43
2014-11-25,20.99,21.2,21.14,20.83,60409.31,0.23,1.1,20.86,20.86,20.86,48693.16,48693.16,48693.16,2.59
2014-11-24,20.93,21.4,20.91,20.77,66887.02,0.01,0.05,20.79,20.79,20.79,45764.13,45764.13,45764.13,2.87
2014-11-21,20.6,21.07,20.9,20.54,49590.87,0.25,1.21,20.75,20.75,20.75,38723.16,38723.16,38723.16,2.13
2014-11-20,20.75,20.79,20.65,20.52,26714.3,-0.05,-0.24,20.675,20.675,20.675,33289.31,33289.31,33289.31,1.15
2014-11-19,20.88,20.88,20.7,20.5,39864.31,-0.08,-0.39,20.7,20.7,20.7,39864.31,39864.31,39864.31,1.71
